# Time-averaged data for fix pe_out
# TimeStep v_pot_energy
0 -6.41778
100 -6.40396
200 -6.39967
300 -6.37387
400 -6.37021
500 -6.36652
600 -6.37963
700 -6.38364
800 -6.38933
900 -6.37734
1000 -6.37109
1100 -6.36981
1200 -6.38405
1300 -6.39001
1400 -6.3819
1500 -6.38091
1600 -6.37999
1700 -6.38031
1800 -6.39172
1900 -6.38729
2000 -6.3987
2100 -6.38866
2200 -6.38113
2300 -6.37108
2400 -6.38452
2500 -6.38951
2600 -6.38657
2700 -6.39146
2800 -6.39415
2900 -6.38568
3000 -6.40189
3100 -6.40794
3200 -6.39146
3300 -6.38368
3400 -6.39242
3500 -6.3811
3600 -6.39671
3700 -6.3966
3800 -6.38936
3900 -6.38748
4000 -6.39406
4100 -6.40297
4200 -6.39876
4300 -6.37179
4400 -6.36789
4500 -6.39084
4600 -6.38073
4700 -6.39004
4800 -6.41874
4900 -6.39437
5000 -6.38089
5100 -6.38563
5200 -6.39345
5300 -6.39218
5400 -6.39359
5500 -6.41312
5600 -6.39839
5700 -6.38413
5800 -6.38789
5900 -6.37104
6000 -6.38488
6100 -6.40219
6200 -6.39755
6300 -6.38731
6400 -6.38331
6500 -6.40599
6600 -6.38556
6700 -6.41178
6800 -6.40338
6900 -6.39676
7000 -6.39454
7100 -6.39192
7200 -6.4017
7300 -6.4159
7400 -6.39977
7500 -6.40826
7600 -6.41285
7700 -6.38818
7800 -6.39096
7900 -6.394
8000 -6.39748
8100 -6.41061
8200 -6.40892
8300 -6.40678
8400 -6.39919
8500 -6.38893
8600 -6.39133
8700 -6.39441
8800 -6.38479
8900 -6.39963
9000 -6.38859
9100 -6.39059
9200 -6.37747
9300 -6.38261
9400 -6.3785
9500 -6.37975
9600 -6.39336
9700 -6.39894
9800 -6.3908
9900 -6.37563
10000 -6.37906
10100 -6.40079
10200 -6.41357
10300 -6.39312
10400 -6.40613
10500 -6.38825
10600 -6.40485
10700 -6.41295
10800 -6.40041
10900 -6.39687
11000 -6.40038
11100 -6.38244
11200 -6.40233
11300 -6.37959
11400 -6.40453
11500 -6.40508
11600 -6.40346
11700 -6.40571
11800 -6.39314
11900 -6.38365
12000 -6.39427
12100 -6.40491
12200 -6.39263
12300 -6.40351
12400 -6.40618
12500 -6.38473
12600 -6.39813
12700 -6.38758
12800 -6.38498
12900 -6.41386
13000 -6.40033
13100 -6.40752
13200 -6.38921
13300 -6.3986
13400 -6.40703
13500 -6.40521
13600 -6.40446
13700 -6.40635
13800 -6.38924
13900 -6.37484
14000 -6.39484
14100 -6.4057
14200 -6.40803
14300 -6.40593
14400 -6.39514
14500 -6.39787
14600 -6.40644
14700 -6.40283
14800 -6.39022
14900 -6.39159
15000 -6.39411
15100 -6.39444
15200 -6.39346
15300 -6.39091
15400 -6.39139
15500 -6.39357
15600 -6.4076
15700 -6.40199
15800 -6.39342
15900 -6.39783
16000 -6.38387
16100 -6.40615
16200 -6.41127
16300 -6.40522
16400 -6.40048
16500 -6.39353
16600 -6.39056
16700 -6.40144
16800 -6.40167
16900 -6.39789
17000 -6.39716
17100 -6.38363
17200 -6.38801
17300 -6.39659
17400 -6.38902
17500 -6.40091
17600 -6.40879
17700 -6.40214
17800 -6.37898
17900 -6.3831
18000 -6.40237
18100 -6.39674
18200 -6.40614
18300 -6.40408
18400 -6.40744
18500 -6.39527
18600 -6.40524
18700 -6.39317
18800 -6.40374
18900 -6.41328
19000 -6.40772
19100 -6.39666
19200 -6.39416
19300 -6.38828
19400 -6.40941
19500 -6.41097
19600 -6.40835
19700 -6.40827
19800 -6.40181
19900 -6.39642
20000 -6.40623
20100 -6.40865
20200 -6.3927
20300 -6.39184
20400 -6.38123
20500 -6.38678
20600 -6.39537
20700 -6.40151
20800 -6.40514
20900 -6.406
21000 -6.39545
21100 -6.40552
21200 -6.41686
21300 -6.3904
21400 -6.39319
21500 -6.38028
21600 -6.38534
21700 -6.39395
21800 -6.40785
21900 -6.40998
22000 -6.3918
22100 -6.40021
22200 -6.40286
22300 -6.40652
22400 -6.40744
22500 -6.39304
22600 -6.393
22700 -6.39654
22800 -6.37811
22900 -6.3986
23000 -6.39456
23100 -6.39257
23200 -6.39544
23300 -6.39254
23400 -6.40274
23500 -6.3964
23600 -6.39821
23700 -6.38941
23800 -6.39609
23900 -6.40348
24000 -6.39529
24100 -6.39549
24200 -6.38802
24300 -6.38551
24400 -6.41477
24500 -6.40576
24600 -6.40773
24700 -6.39562
24800 -6.40133
24900 -6.37537
25000 -6.37424
25100 -6.37393
25200 -6.38548
25300 -6.39505
25400 -6.38518
25500 -6.38858
25600 -6.39731
25700 -6.40006
25800 -6.4022
25900 -6.38713
26000 -6.38962
26100 -6.38647
26200 -6.38331
26300 -6.39078
26400 -6.38219
26500 -6.40115
26600 -6.41025
26700 -6.40328
26800 -6.37167
26900 -6.38296
27000 -6.37186
27100 -6.39067
27200 -6.39373
27300 -6.39267
27400 -6.40169
27500 -6.37916
27600 -6.38931
27700 -6.38699
27800 -6.37505
27900 -6.40036
28000 -6.40295
28100 -6.39709
28200 -6.39869
28300 -6.4007
28400 -6.38938
28500 -6.39075
28600 -6.39674
28700 -6.39842
28800 -6.40092
28900 -6.39784
29000 -6.38511
29100 -6.3962
29200 -6.3975
29300 -6.40261
29400 -6.38426
29500 -6.37854
29600 -6.37407
29700 -6.41404
29800 -6.41874
29900 -6.41059
30000 -6.38928
30100 -6.40053
30200 -6.40236
30300 -6.41285
30400 -6.40777
30500 -6.38579
30600 -6.37194
30700 -6.37731
30800 -6.38762
30900 -6.39335
31000 -6.38552
31100 -6.39549
31200 -6.39353
31300 -6.40015
31400 -6.394
31500 -6.395
31600 -6.40675
31700 -6.39171
31800 -6.39744
31900 -6.37309
32000 -6.37851
32100 -6.38763
32200 -6.39594
32300 -6.40507
32400 -6.40012
32500 -6.40208
32600 -6.38472
32700 -6.39041
32800 -6.38215
32900 -6.40188
33000 -6.40956
33100 -6.42404
33200 -6.41568
33300 -6.39646
33400 -6.40324
33500 -6.38521
33600 -6.38506
33700 -6.3924
33800 -6.40315
33900 -6.40931
34000 -6.38199
34100 -6.39267
34200 -6.3944
34300 -6.3856
34400 -6.4102
34500 -6.39362
34600 -6.40789
34700 -6.41229
34800 -6.40991
34900 -6.39665
35000 -6.39118
35100 -6.40372
35200 -6.40341
35300 -6.40944
35400 -6.40214
35500 -6.40424
35600 -6.39574
35700 -6.39966
35800 -6.40381
35900 -6.39779
36000 -6.40349
36100 -6.38459
36200 -6.40067
36300 -6.41637
36400 -6.39249
36500 -6.39799
36600 -6.38092
36700 -6.3785
36800 -6.4003
36900 -6.3968
37000 -6.40863
37100 -6.40263
37200 -6.38341
37300 -6.37522
37400 -6.38933
37500 -6.40051
37600 -6.4097
37700 -6.40496
37800 -6.4062
37900 -6.38732
38000 -6.39622
38100 -6.40074
38200 -6.38752
38300 -6.38203
38400 -6.40313
38500 -6.37899
38600 -6.39613
38700 -6.38379
38800 -6.39098
38900 -6.40271
39000 -6.40117
39100 -6.37568
39200 -6.37717
39300 -6.38022
39400 -6.38222
39500 -6.39044
39600 -6.38939
39700 -6.40889
39800 -6.39895
39900 -6.39292
40000 -6.39838
40100 -6.38925
40200 -6.38541
40300 -6.37647
40400 -6.4098
40500 -6.38558
40600 -6.38805
40700 -6.37023
40800 -6.39637
40900 -6.39074
41000 -6.40655
41100 -6.40948
41200 -6.38899
41300 -6.3847
41400 -6.37222
41500 -6.37447
41600 -6.40024
41700 -6.40519
41800 -6.40728
41900 -6.39046
42000 -6.40028
42100 -6.39445
42200 -6.38008
42300 -6.4003
42400 -6.40704
42500 -6.39578
42600 -6.40145
42700 -6.38125
42800 -6.38494
42900 -6.39923
43000 -6.40486
43100 -6.40272
43200 -6.39259
43300 -6.36877
43400 -6.37824
43500 -6.41139
43600 -6.4055
43700 -6.40816
43800 -6.39206
43900 -6.39789
44000 -6.39456
44100 -6.41074
44200 -6.41407
44300 -6.40048
44400 -6.38202
44500 -6.38973
44600 -6.39601
44700 -6.38952
44800 -6.41031
44900 -6.3973
45000 -6.3951
45100 -6.38089
45200 -6.40247
45300 -6.39183
45400 -6.39647
45500 -6.39065
45600 -6.40233
45700 -6.39159
45800 -6.38321
45900 -6.385
46000 -6.40118
46100 -6.41168
46200 -6.38984
46300 -6.40088
46400 -6.39479
46500 -6.39925
46600 -6.39512
46700 -6.38702
46800 -6.38844
46900 -6.3771
47000 -6.36447
47100 -6.37457
47200 -6.38108
47300 -6.39525
47400 -6.39312
47500 -6.38552
47600 -6.36714
47700 -6.37097
47800 -6.37996
47900 -6.39611
48000 -6.41177
48100 -6.39362
48200 -6.39964
48300 -6.3849
48400 -6.36645
48500 -6.39272
48600 -6.40488
48700 -6.40298
48800 -6.38914
48900 -6.38774
49000 -6.37171
49100 -6.38138
49200 -6.38325
49300 -6.38087
49400 -6.38895
49500 -6.39183
49600 -6.40265
49700 -6.40598
49800 -6.39945
49900 -6.38146
50000 -6.39417
50100 -6.3883
50200 -6.41696
50300 -6.42071
50400 -6.38102
50500 -6.38514
50600 -6.39903
50700 -6.41758
50800 -6.39941
50900 -6.40088
51000 -6.40784
51100 -6.40363
51200 -6.39924
51300 -6.40158
51400 -6.37948
51500 -6.38181
51600 -6.39223
51700 -6.39919
51800 -6.39191
51900 -6.37329
52000 -6.37736
52100 -6.37352
52200 -6.38373
52300 -6.39244
52400 -6.39445
52500 -6.39704
52600 -6.38423
52700 -6.39271
52800 -6.403
52900 -6.39062
53000 -6.40028
53100 -6.38712
53200 -6.38977
53300 -6.40188
53400 -6.39468
53500 -6.38936
53600 -6.38978
53700 -6.3859
53800 -6.39615
53900 -6.40266
54000 -6.39503
54100 -6.38943
54200 -6.40229
54300 -6.40304
54400 -6.40486
54500 -6.39716
54600 -6.40762
54700 -6.39956
54800 -6.39053
54900 -6.39587
55000 -6.39861
55100 -6.39068
55200 -6.40195
55300 -6.38373
55400 -6.38964
55500 -6.40153
55600 -6.40776
55700 -6.40908
55800 -6.41751
55900 -6.41705
56000 -6.40592
56100 -6.37346
56200 -6.38962
56300 -6.39172
56400 -6.4027
56500 -6.40718
56600 -6.41525
56700 -6.40231
56800 -6.39024
56900 -6.40708
57000 -6.39744
57100 -6.3959
57200 -6.39205
57300 -6.40897
57400 -6.41871
57500 -6.40195
57600 -6.40477
57700 -6.39546
57800 -6.37669
57900 -6.3817
58000 -6.36485
58100 -6.38961
58200 -6.3956
58300 -6.39587
58400 -6.38819
58500 -6.38809
58600 -6.39663
58700 -6.40699
58800 -6.3896
58900 -6.38908
59000 -6.38854
59100 -6.39272
59200 -6.41072
59300 -6.40863
59400 -6.38176
59500 -6.38714
59600 -6.37174
59700 -6.38507
59800 -6.39297
59900 -6.41054
60000 -6.3997
60100 -6.38708
60200 -6.40343
60300 -6.38924
60400 -6.39557
60500 -6.38832
60600 -6.3946
60700 -6.38155
60800 -6.38876
60900 -6.39741
61000 -6.40252
61100 -6.39223
61200 -6.39378
61300 -6.40459
61400 -6.41662
61500 -6.41243
61600 -6.40869
61700 -6.4016
61800 -6.39465
61900 -6.39751
62000 -6.40873
62100 -6.39189
62200 -6.39947
62300 -6.39661
62400 -6.39364
62500 -6.40587
62600 -6.3995
62700 -6.38108
62800 -6.38972
62900 -6.39898
63000 -6.40845
63100 -6.41571
63200 -6.40293
63300 -6.39603
63400 -6.38758
63500 -6.3802
63600 -6.37513
63700 -6.38691
63800 -6.39924
63900 -6.40333
64000 -6.38976
64100 -6.40676
64200 -6.37258
64300 -6.37602
64400 -6.39355
64500 -6.39431
64600 -6.40876
64700 -6.36777
64800 -6.37671
64900 -6.40282
65000 -6.39833
65100 -6.39507
65200 -6.39225
65300 -6.39289
65400 -6.3967
65500 -6.40221
65600 -6.40543
65700 -6.38885
65800 -6.39169
65900 -6.40862
66000 -6.41321
66100 -6.39919
66200 -6.40537
66300 -6.39976
66400 -6.39639
66500 -6.40381
66600 -6.39214
66700 -6.38674
66800 -6.39153
66900 -6.41491
67000 -6.40672
67100 -6.38845
67200 -6.39966
67300 -6.39367
67400 -6.40722
67500 -6.41697
67600 -6.40129
67700 -6.39479
67800 -6.39757
67900 -6.39646
68000 -6.39848
68100 -6.39862
68200 -6.39769
68300 -6.38884
68400 -6.39056
68500 -6.39214
68600 -6.41634
68700 -6.3923
68800 -6.39553
68900 -6.39222
69000 -6.37995
69100 -6.39667
69200 -6.38723
69300 -6.38767
69400 -6.40597
69500 -6.40372
69600 -6.37931
69700 -6.39162
69800 -6.38709
69900 -6.40373
70000 -6.4006
70100 -6.3871
70200 -6.38021
70300 -6.39229
70400 -6.39093
70500 -6.38573
70600 -6.3976
70700 -6.39735
70800 -6.39889
70900 -6.37912
71000 -6.3955
71100 -6.40303
71200 -6.39521
71300 -6.3843
71400 -6.38229
71500 -6.39104
71600 -6.38764
71700 -6.40472
71800 -6.40137
71900 -6.3981
72000 -6.38533
72100 -6.39778
72200 -6.38829
72300 -6.38433
72400 -6.36523
72500 -6.39205
72600 -6.39393
72700 -6.39369
72800 -6.39626
72900 -6.40592
73000 -6.38649
73100 -6.37857
73200 -6.38305
73300 -6.39009
73400 -6.38709
73500 -6.38922
73600 -6.38954
73700 -6.38364
73800 -6.39151
73900 -6.37832
74000 -6.38181
74100 -6.38023
74200 -6.38217
74300 -6.37657
74400 -6.38043
74500 -6.39084
74600 -6.37493
74700 -6.37821
74800 -6.37012
74900 -6.39251
75000 -6.39225
75100 -6.40106
75200 -6.39777
75300 -6.3738
75400 -6.37608
75500 -6.37588
75600 -6.39268
75700 -6.40853
75800 -6.41198
75900 -6.39724
76000 -6.39723
76100 -6.39994
76200 -6.3805
76300 -6.39124
76400 -6.39795
76500 -6.39461
76600 -6.37938
76700 -6.38679
76800 -6.3777
76900 -6.38237
77000 -6.40791
77100 -6.39546
77200 -6.38907
77300 -6.39026
77400 -6.4067
77500 -6.40255
77600 -6.40583
77700 -6.40561
77800 -6.3874
77900 -6.38813
78000 -6.39299
78100 -6.40204
78200 -6.40997
78300 -6.42802
78400 -6.4073
78500 -6.38804
78600 -6.39354
78700 -6.39481
78800 -6.40426
78900 -6.39838
79000 -6.41193
79100 -6.38334
79200 -6.38884
79300 -6.40023
79400 -6.39554
79500 -6.40513
79600 -6.40839
79700 -6.39802
79800 -6.39488
79900 -6.37251
80000 -6.38537
80100 -6.38852
80200 -6.38887
80300 -6.3995
80400 -6.39543
80500 -6.39948
80600 -6.38329
80700 -6.38832
80800 -6.39801
80900 -6.40324
81000 -6.40558
81100 -6.42245
81200 -6.37824
81300 -6.38504
81400 -6.39336
81500 -6.39211
81600 -6.39415
81700 -6.38656
81800 -6.37915
81900 -6.37983
82000 -6.37721
82100 -6.39357
82200 -6.40034
82300 -6.3909
82400 -6.37068
82500 -6.38374
82600 -6.38276
82700 -6.39004
82800 -6.38546
82900 -6.38033
83000 -6.37875
83100 -6.39328
83200 -6.39032
83300 -6.39673
83400 -6.39263
83500 -6.38462
83600 -6.36971
83700 -6.37714
83800 -6.3837
83900 -6.38411
84000 -6.39613
84100 -6.40032
84200 -6.38656
84300 -6.38609
84400 -6.37991
84500 -6.38451
84600 -6.39597
84700 -6.39544
84800 -6.39673
84900 -6.39084
85000 -6.38815
85100 -6.37088
85200 -6.38978
85300 -6.39412
85400 -6.40143
85500 -6.403
85600 -6.39176
85700 -6.38751
85800 -6.38377
85900 -6.37935
86000 -6.38746
86100 -6.39864
86200 -6.39165
86300 -6.4004
86400 -6.36997
86500 -6.37843
86600 -6.37507
86700 -6.40246
86800 -6.39326
86900 -6.39507
87000 -6.40089
87100 -6.39137
87200 -6.38307
87300 -6.37421
87400 -6.40723
87500 -6.40774
87600 -6.4015
87700 -6.41015
87800 -6.40784
87900 -6.40073
88000 -6.38514
88100 -6.38703
88200 -6.39147
88300 -6.40315
88400 -6.4089
88500 -6.40799
88600 -6.40146
88700 -6.40325
88800 -6.40727
88900 -6.40462
89000 -6.39557
89100 -6.40161
89200 -6.41703
89300 -6.41342
89400 -6.40611
89500 -6.3939
89600 -6.39354
89700 -6.40448
89800 -6.42627
89900 -6.41028
90000 -6.40908
90100 -6.38713
90200 -6.39928
90300 -6.40577
90400 -6.39539
90500 -6.41227
90600 -6.4052
90700 -6.38982
90800 -6.39064
90900 -6.40112
91000 -6.3927
91100 -6.4021
91200 -6.40495
91300 -6.40042
91400 -6.4008
91500 -6.3912
91600 -6.38956
91700 -6.38631
91800 -6.40544
91900 -6.40284
92000 -6.41213
92100 -6.42066
92200 -6.41742
92300 -6.41492
92400 -6.41556
92500 -6.40171
92600 -6.38794
92700 -6.40523
92800 -6.41655
92900 -6.40413
93000 -6.40067
93100 -6.40173
93200 -6.41069
93300 -6.42888
93400 -6.41835
93500 -6.40424
93600 -6.41422
93700 -6.41181
93800 -6.40245
93900 -6.40692
94000 -6.42488
94100 -6.42389
94200 -6.41242
94300 -6.40033
94400 -6.4144
94500 -6.42793
94600 -6.42025
94700 -6.42928
94800 -6.39298
94900 -6.39372
95000 -6.40796
95100 -6.41232
95200 -6.39966
95300 -6.40559
95400 -6.40797
95500 -6.37944
95600 -6.38439
95700 -6.39955
95800 -6.40661
95900 -6.40844
96000 -6.41794
96100 -6.39816
96200 -6.39248
96300 -6.38736
96400 -6.41125
96500 -6.41216
96600 -6.40823
96700 -6.40033
96800 -6.39962
96900 -6.39844
97000 -6.40902
97100 -6.41013
97200 -6.40799
97300 -6.40605
97400 -6.40879
97500 -6.42221
97600 -6.43111
97700 -6.40902
97800 -6.41384
97900 -6.41629
98000 -6.42921
98100 -6.43104
98200 -6.41305
98300 -6.40537
98400 -6.3964
98500 -6.41022
98600 -6.41591
98700 -6.41542
98800 -6.43158
98900 -6.43304
99000 -6.41236
99100 -6.42183
99200 -6.42113
99300 -6.41743
99400 -6.42349
99500 -6.41528
99600 -6.4093
99700 -6.40936
99800 -6.39978
99900 -6.41115
100000 -6.42959
100100 -6.42425
100200 -6.41397
100300 -6.37175
100400 -6.38984
100500 -6.40683
100600 -6.41205
100700 -6.40578
100800 -6.39925
100900 -6.39613
101000 -6.39033
101100 -6.39637
101200 -6.40737
101300 -6.41708
101400 -6.43565
101500 -6.42744
101600 -6.41797
101700 -6.40036
101800 -6.4029
101900 -6.40724
102000 -6.41993
102100 -6.42497
102200 -6.42591
102300 -6.4141
102400 -6.41239
102500 -6.43003
102600 -6.42577
102700 -6.41195
102800 -6.41103
102900 -6.41083
103000 -6.4176
103100 -6.43322
103200 -6.44606
103300 -6.43132
103400 -6.41444
103500 -6.41399
103600 -6.42398
103700 -6.4385
103800 -6.42095
103900 -6.44396
104000 -6.43334
104100 -6.41295
104200 -6.41996
104300 -6.42029
104400 -6.42784
104500 -6.41261
104600 -6.40783
104700 -6.39112
104800 -6.40275
104900 -6.43093
105000 -6.41718
105100 -6.42296
105200 -6.42595
105300 -6.42487
105400 -6.40784
105500 -6.41896
105600 -6.40407
105700 -6.4137
105800 -6.41495
105900 -6.39393
106000 -6.4154
106100 -6.40907
106200 -6.41111
106300 -6.41763
106400 -6.4272
106500 -6.42172
106600 -6.41158
106700 -6.41493
106800 -6.41068
106900 -6.41816
107000 -6.43112
107100 -6.39948
107200 -6.40912
107300 -6.41523
107400 -6.4084
107500 -6.41326
107600 -6.4115
107700 -6.41725
107800 -6.41523
107900 -6.39398
108000 -6.40928
108100 -6.42047
108200 -6.41749
108300 -6.42016
108400 -6.41117
108500 -6.40367
108600 -6.39535
108700 -6.41456
108800 -6.40743
108900 -6.42224
109000 -6.42024
109100 -6.41007
109200 -6.41152
109300 -6.42028
109400 -6.42078
109500 -6.40879
109600 -6.40503
109700 -6.38465
109800 -6.39728
109900 -6.40619
110000 -6.42686
110100 -6.41389
110200 -6.41613
110300 -6.42126
110400 -6.40877
110500 -6.42197
110600 -6.42672
110700 -6.406
110800 -6.40877
110900 -6.40801
111000 -6.40169
111100 -6.41381
111200 -6.43721
111300 -6.43286
111400 -6.40074
111500 -6.40707
111600 -6.40083
111700 -6.41442
111800 -6.43006
111900 -6.43516
112000 -6.41728
112100 -6.4109
112200 -6.41035
112300 -6.42205
112400 -6.42055
112500 -6.41256
112600 -6.42275
112700 -6.41294
112800 -6.40951
112900 -6.42289
113000 -6.42592
113100 -6.41335
113200 -6.40227
113300 -6.40307
113400 -6.42341
113500 -6.41173
113600 -6.428
113700 -6.4451
113800 -6.43471
113900 -6.43667
114000 -6.42432
114100 -6.4293
114200 -6.42848
114300 -6.41838
114400 -6.43272
114500 -6.43603
114600 -6.41904
114700 -6.427
114800 -6.42008
114900 -6.43108
115000 -6.44802
115100 -6.43184
115200 -6.41967
115300 -6.41882
115400 -6.42847
115500 -6.42287
115600 -6.43397
115700 -6.42909
115800 -6.41633
115900 -6.43736
116000 -6.44852
116100 -6.4446
116200 -6.42162
116300 -6.43055
116400 -6.43783
116500 -6.44646
116600 -6.44761
116700 -6.4285
116800 -6.42655
116900 -6.429
117000 -6.42911
117100 -6.44455
117200 -6.42769
117300 -6.44132
117400 -6.4277
117500 -6.4173
117600 -6.41555
117700 -6.44274
117800 -6.42941
117900 -6.4354
118000 -6.41488
118100 -6.42878
118200 -6.42577
118300 -6.45986
118400 -6.44087
118500 -6.43791
118600 -6.44302
118700 -6.4293
118800 -6.44064
118900 -6.44309
119000 -6.42578
119100 -6.43726
119200 -6.44193
119300 -6.44857
119400 -6.43732
119500 -6.44203
119600 -6.44572
119700 -6.44578
119800 -6.44584
119900 -6.45958
120000 -6.44143
120100 -6.43374
120200 -6.43573
120300 -6.44325
120400 -6.45068
120500 -6.45161
120600 -6.45884
120700 -6.4309
120800 -6.44598
120900 -6.44052
121000 -6.44698
121100 -6.45066
121200 -6.44941
121300 -6.4617
121400 -6.44639
121500 -6.46761
121600 -6.47377
121700 -6.46794
121800 -6.47247
121900 -6.44726
122000 -6.45265
122100 -6.45285
122200 -6.4494
122300 -6.4522
122400 -6.45513
122500 -6.44698
122600 -6.47194
122700 -6.47227
122800 -6.47495
122900 -6.44535
123000 -6.43768
123100 -6.44066
123200 -6.47278
123300 -6.46169
123400 -6.46679
123500 -6.44191
123600 -6.44761
123700 -6.45466
123800 -6.43992
123900 -6.45134
124000 -6.44506
124100 -6.45606
124200 -6.4607
124300 -6.47636
124400 -6.4642
124500 -6.4699
124600 -6.4478
124700 -6.44388
124800 -6.44828
124900 -6.44487
125000 -6.47614
125100 -6.44587
125200 -6.43038
125300 -6.4437
125400 -6.44167
125500 -6.44545
125600 -6.45637
125700 -6.45502
125800 -6.43256
125900 -6.45182
126000 -6.45384
126100 -6.45369
126200 -6.44923
126300 -6.4461
126400 -6.45031
126500 -6.44391
126600 -6.44291
126700 -6.46265
126800 -6.43812
126900 -6.44988
127000 -6.43709
127100 -6.4367
127200 -6.45191
127300 -6.44632
127400 -6.46262
127500 -6.43743
127600 -6.43793
127700 -6.44539
127800 -6.46167
127900 -6.46788
128000 -6.4718
128100 -6.45189
128200 -6.46559
128300 -6.47115
128400 -6.4728
128500 -6.47216
128600 -6.46781
128700 -6.45205
128800 -6.4506
128900 -6.46828
129000 -6.46863
129100 -6.47258
129200 -6.47791
129300 -6.48016
129400 -6.48127
129500 -6.47757
129600 -6.48423
129700 -6.49571
129800 -6.48232
129900 -6.46855
130000 -6.46903
130100 -6.47555
130200 -6.48027
130300 -6.47664
130400 -6.47454
130500 -6.47242
130600 -6.47882
130700 -6.48761
130800 -6.49305
130900 -6.49049
131000 -6.48095
131100 -6.49926
131200 -6.49856
131300 -6.49889
131400 -6.49256
131500 -6.48665
131600 -6.49692
131700 -6.4926
131800 -6.50498
131900 -6.49739
132000 -6.47922
132100 -6.48053
132200 -6.49693
132300 -6.5034
132400 -6.50239
132500 -6.51222
132600 -6.50095
132700 -6.49326
132800 -6.4996
132900 -6.5125
133000 -6.51247
133100 -6.51457
133200 -6.50754
133300 -6.50815
133400 -6.52338
133500 -6.51847
133600 -6.50861
133700 -6.52572
133800 -6.50082
133900 -6.5014
134000 -6.51436
134100 -6.50645
134200 -6.5111
134300 -6.52861
134400 -6.52193
134500 -6.51441
134600 -6.50746
134700 -6.51675
134800 -6.51947
134900 -6.52307
135000 -6.5245
135100 -6.52863
135200 -6.5528
135300 -6.53121
135400 -6.51464
135500 -6.52232
135600 -6.52721
135700 -6.54452
135800 -6.53329
135900 -6.5465
136000 -6.52126
136100 -6.52313
136200 -6.53901
136300 -6.54759
136400 -6.53271
136500 -6.53555
136600 -6.54472
136700 -6.5646
136800 -6.5798
136900 -6.55039
137000 -6.55125
137100 -6.5507
137200 -6.5586
137300 -6.56715
137400 -6.56858
137500 -6.56697
137600 -6.55546
137700 -6.5564
137800 -6.56925
137900 -6.56355
138000 -6.56435
138100 -6.56497
138200 -6.58673
138300 -6.56837
138400 -6.57697
138500 -6.54999
138600 -6.57382
138700 -6.59101
138800 -6.57355
138900 -6.58747
139000 -6.59491
139100 -6.58677
139200 -6.57903
139300 -6.58538
139400 -6.57618
139500 -6.58694
139600 -6.60737
139700 -6.5947
139800 -6.58955
139900 -6.58444
140000 -6.57356
140100 -6.60307
140200 -6.58839
140300 -6.59472
140400 -6.58954
140500 -6.58684
140600 -6.58023
140700 -6.59081
140800 -6.60524
140900 -6.5908
141000 -6.59182
141100 -6.59168
141200 -6.6018
141300 -6.60323
141400 -6.60379
141500 -6.59475
141600 -6.58827
141700 -6.56756
141800 -6.58022
141900 -6.59087
142000 -6.60398
142100 -6.60494
142200 -6.61278
142300 -6.61117
142400 -6.59486
142500 -6.59961
142600 -6.63267
142700 -6.61928
142800 -6.61439
142900 -6.60846
143000 -6.6002
143100 -6.60254
143200 -6.62338
143300 -6.6221
143400 -6.62359
143500 -6.62021
143600 -6.61424
143700 -6.61141
143800 -6.62588
143900 -6.62196
144000 -6.62315
144100 -6.61407
144200 -6.61646
144300 -6.62993
144400 -6.6389
144500 -6.63839
144600 -6.64334
144700 -6.62374
144800 -6.62987
144900 -6.63543
145000 -6.64132
145100 -6.63393
145200 -6.62846
145300 -6.61471
145400 -6.63715
145500 -6.63793
145600 -6.63853
145700 -6.63663
145800 -6.65043
145900 -6.64511
146000 -6.63518
146100 -6.64329
146200 -6.65102
146300 -6.63149
146400 -6.63254
146500 -6.64119
146600 -6.67625
146700 -6.66782
146800 -6.66021
146900 -6.64157
147000 -6.64361
147100 -6.63865
147200 -6.65787
147300 -6.66278
147400 -6.64067
147500 -6.65738
147600 -6.65083
147700 -6.64995
147800 -6.65268
147900 -6.66675
148000 -6.64978
148100 -6.63978
148200 -6.64386
148300 -6.65222
148400 -6.66462
148500 -6.64685
148600 -6.66706
148700 -6.65374
148800 -6.64294
148900 -6.65121
149000 -6.66634
149100 -6.67488
149200 -6.67708
149300 -6.65704
149400 -6.63615
149500 -6.64503
149600 -6.64793
149700 -6.67539
149800 -6.66785
149900 -6.66282
150000 -6.66853
150100 -6.65457
150200 -6.68138
150300 -6.67329
150400 -6.64675
150500 -6.66147
150600 -6.65854
150700 -6.67478
150800 -6.66675
150900 -6.64838
151000 -6.65545
151100 -6.6638
151200 -6.6689
151300 -6.66477
151400 -6.66207
151500 -6.64984
151600 -6.66601
151700 -6.65228
151800 -6.66241
151900 -6.66624
152000 -6.67855
152100 -6.67117
152200 -6.6578
152300 -6.66985
152400 -6.67633
152500 -6.66672
152600 -6.66401
152700 -6.66946
152800 -6.64926
152900 -6.67113
153000 -6.66645
153100 -6.66822
153200 -6.6547
153300 -6.66192
153400 -6.6767
153500 -6.67638
153600 -6.68313
153700 -6.67173
153800 -6.66598
153900 -6.66419
154000 -6.66211
154100 -6.64983
154200 -6.6762
154300 -6.68738
154400 -6.68538
154500 -6.69294
154600 -6.68107
154700 -6.66052
154800 -6.70776
154900 -6.69741
155000 -6.7012
155100 -6.6811
155200 -6.68034
155300 -6.69825
155400 -6.70438
155500 -6.71356
155600 -6.70241
155700 -6.69663
155800 -6.69054
155900 -6.6869
156000 -6.68469
156100 -6.70382
156200 -6.69471
156300 -6.69852
156400 -6.69443
156500 -6.69796
156600 -6.71105
156700 -6.70901
156800 -6.6912
156900 -6.71333
157000 -6.70069
157100 -6.69945
157200 -6.69083
157300 -6.70728
157400 -6.68737
157500 -6.67835
157600 -6.6891
157700 -6.70348
157800 -6.70802
157900 -6.70144
158000 -6.69583
158100 -6.71077
158200 -6.71748
158300 -6.70738
158400 -6.70539
158500 -6.70785
158600 -6.69557
158700 -6.70215
158800 -6.71848
158900 -6.71048
159000 -6.71413
159100 -6.7017
159200 -6.70562
159300 -6.70248
159400 -6.71047
159500 -6.72847
159600 -6.72371
159700 -6.71119
159800 -6.69628
159900 -6.7039
160000 -6.7163
160100 -6.71463
160200 -6.72392
160300 -6.71497
160400 -6.70722
160500 -6.71702
160600 -6.72
160700 -6.73079
160800 -6.71207
160900 -6.71093
161000 -6.72106
161100 -6.73003
161200 -6.73605
161300 -6.72459
161400 -6.72094
161500 -6.72316
161600 -6.73179
161700 -6.73739
161800 -6.70857
161900 -6.72585
162000 -6.7227
162100 -6.72739
162200 -6.73313
162300 -6.74314
162400 -6.73286
162500 -6.73543
162600 -6.73438
162700 -6.72856
162800 -6.73551
162900 -6.74709
163000 -6.74408
163100 -6.72934
163200 -6.73634
163300 -6.73944
163400 -6.75562
163500 -6.75397
163600 -6.7415
163700 -6.74068
163800 -6.7447
163900 -6.73543
164000 -6.73732
164100 -6.74395
164200 -6.73236
164300 -6.73443
164400 -6.73636
164500 -6.75004
164600 -6.75119
164700 -6.74416
164800 -6.73936
164900 -6.72268
165000 -6.74098
165100 -6.76166
165200 -6.7611
165300 -6.73584
165400 -6.74181
165500 -6.74999
165600 -6.7456
165700 -6.75124
165800 -6.75688
165900 -6.72747
166000 -6.74149
166100 -6.76291
166200 -6.76112
166300 -6.74769
166400 -6.74083
166500 -6.74752
166600 -6.75446
166700 -6.75601
166800 -6.75665
166900 -6.76856
167000 -6.75263
167100 -6.7586
167200 -6.74058
167300 -6.75213
167400 -6.74865
167500 -6.74562
167600 -6.75541
167700 -6.7526
167800 -6.7588
167900 -6.76908
168000 -6.76554
168100 -6.76598
168200 -6.76931
168300 -6.75664
168400 -6.74781
168500 -6.74048
168600 -6.7787
168700 -6.76991
168800 -6.78227
168900 -6.76788
169000 -6.75407
169100 -6.76208
169200 -6.76171
169300 -6.74756
169400 -6.75348
169500 -6.75476
169600 -6.75388
169700 -6.76132
169800 -6.76474
169900 -6.75743
170000 -6.75734
170100 -6.74373
170200 -6.75561
170300 -6.76508
170400 -6.77048
170500 -6.7655
170600 -6.76052
170700 -6.75108
170800 -6.7608
170900 -6.73937
171000 -6.74749
171100 -6.75883
171200 -6.76655
171300 -6.7677
171400 -6.75258
171500 -6.76036
171600 -6.74297
171700 -6.75342
171800 -6.76114
171900 -6.7685
172000 -6.76197
172100 -6.76698
172200 -6.77981
172300 -6.77059
172400 -6.76103
172500 -6.75349
172600 -6.77263
172700 -6.76999
172800 -6.77407
172900 -6.77638
173000 -6.77105
173100 -6.77184
173200 -6.75561
173300 -6.75803
173400 -6.75266
173500 -6.77492
173600 -6.76078
173700 -6.76579
173800 -6.773
173900 -6.78933
174000 -6.78773
174100 -6.77953
174200 -6.75565
174300 -6.76575
174400 -6.78069
174500 -6.76308
174600 -6.7635
174700 -6.76961
174800 -6.75376
174900 -6.75209
175000 -6.76584
175100 -6.76927
175200 -6.7769
175300 -6.77488
175400 -6.7713
175500 -6.7701
175600 -6.77286
175700 -6.77042
175800 -6.75492
175900 -6.76108
176000 -6.76635
176100 -6.77747
176200 -6.76478
176300 -6.7605
176400 -6.77394
176500 -6.75977
176600 -6.76345
176700 -6.78349
176800 -6.78765
176900 -6.77508
177000 -6.76935
177100 -6.76321
177200 -6.7677
177300 -6.77963
177400 -6.77637
177500 -6.76204
177600 -6.76318
177700 -6.76496
177800 -6.78414
177900 -6.77753
178000 -6.7795
178100 -6.76256
178200 -6.75129
178300 -6.76039
178400 -6.7725
178500 -6.77624
178600 -6.77639
178700 -6.77665
178800 -6.76304
178900 -6.76543
179000 -6.76676
179100 -6.76115
179200 -6.76784
179300 -6.78567
179400 -6.76744
179500 -6.75394
179600 -6.75214
179700 -6.76747
179800 -6.76549
179900 -6.77231
180000 -6.77025
180100 -6.76059
180200 -6.77375
180300 -6.77124
180400 -6.76949
180500 -6.77909
180600 -6.78524
180700 -6.77649
180800 -6.77775
180900 -6.76581
181000 -6.77569
181100 -6.76789
181200 -6.77939
181300 -6.78635
181400 -6.7634
181500 -6.76577
181600 -6.76874
181700 -6.77906
181800 -6.7866
181900 -6.78363
182000 -6.77998
182100 -6.76623
182200 -6.77409
182300 -6.77615
182400 -6.79528
182500 -6.7984
182600 -6.78444
182700 -6.76996
182800 -6.77327
182900 -6.78798
183000 -6.80057
183100 -6.78512
183200 -6.79002
183300 -6.77895
183400 -6.77631
183500 -6.77285
183600 -6.79791
183700 -6.80421
183800 -6.79342
183900 -6.79358
184000 -6.78439
184100 -6.78792
184200 -6.79285
184300 -6.78497
184400 -6.78197
184500 -6.7866
184600 -6.79295
184700 -6.78012
184800 -6.79451
184900 -6.79126
185000 -6.78585
185100 -6.78297
185200 -6.77407
185300 -6.78199
185400 -6.80412
185500 -6.79047
185600 -6.7812
185700 -6.76553
185800 -6.76956
185900 -6.79413
186000 -6.78653
186100 -6.79024
186200 -6.77973
186300 -6.77979
186400 -6.76836
186500 -6.78316
186600 -6.78733
186700 -6.79138
186800 -6.78286
186900 -6.77761
187000 -6.77392
187100 -6.77508
187200 -6.79546
187300 -6.77615
187400 -6.78323
187500 -6.79251
187600 -6.7777
187700 -6.7678
187800 -6.77961
187900 -6.79582
188000 -6.79141
188100 -6.79148
188200 -6.77958
188300 -6.77301
188400 -6.79356
188500 -6.78224
188600 -6.80145
188700 -6.79221
188800 -6.78939
188900 -6.79198
189000 -6.8016
189100 -6.79588
189200 -6.79239
189300 -6.7918
189400 -6.78991
189500 -6.79447
189600 -6.79286
189700 -6.78639
189800 -6.78176
189900 -6.77303
190000 -6.78111
190100 -6.79811
190200 -6.79861
190300 -6.79229
190400 -6.7758
190500 -6.80469
190600 -6.79693
190700 -6.7922
190800 -6.78695
190900 -6.78471
191000 -6.78186
191100 -6.77729
191200 -6.78834
191300 -6.79636
191400 -6.79396
191500 -6.78407
191600 -6.77484
191700 -6.7825
191800 -6.77912
191900 -6.78684
192000 -6.79477
192100 -6.78529
192200 -6.77007
192300 -6.78382
192400 -6.76953
192500 -6.78138
192600 -6.77813
192700 -6.79477
192800 -6.80036
192900 -6.78195
193000 -6.77925
193100 -6.80022
193200 -6.80314
193300 -6.79567
193400 -6.79242
193500 -6.78389
193600 -6.7922
193700 -6.8021
193800 -6.80579
193900 -6.7801
194000 -6.78739
194100 -6.78761
194200 -6.79452
194300 -6.80326
194400 -6.80975
194500 -6.80065
194600 -6.80411
194700 -6.7848
194800 -6.78321
194900 -6.76604
195000 -6.79111
195100 -6.79055
195200 -6.79056
195300 -6.80258
195400 -6.78506
195500 -6.77043
195600 -6.78067
195700 -6.80539
195800 -6.80324
195900 -6.7805
196000 -6.78301
196100 -6.78858
196200 -6.79203
196300 -6.78754
196400 -6.78854
196500 -6.78785
196600 -6.79688
196700 -6.78774
196800 -6.77896
196900 -6.77603
197000 -6.77423
197100 -6.78042
197200 -6.8001
197300 -6.80242
197400 -6.79342
197500 -6.79227
197600 -6.76988
197700 -6.76463
197800 -6.78207
197900 -6.79356
198000 -6.77999
198100 -6.78885
198200 -6.78349
198300 -6.79863
198400 -6.81057
198500 -6.78316
198600 -6.78267
198700 -6.7824
198800 -6.78801
198900 -6.80634
199000 -6.81638
199100 -6.80597
199200 -6.78798
199300 -6.79035
199400 -6.7883
199500 -6.7999
199600 -6.80432
199700 -6.79592
199800 -6.79434
199900 -6.78679
200000 -6.7937
200100 -6.80639
200200 -6.79847
200300 -6.79326
200400 -6.80023
200500 -6.78671
200600 -6.78689
200700 -6.77037
200800 -6.78677
200900 -6.78566
201000 -6.79771
201100 -6.80294
201200 -6.79244
201300 -6.78442
201400 -6.78044
201500 -6.79159
201600 -6.80197
201700 -6.7957
201800 -6.79356
201900 -6.79483
202000 -6.77433
202100 -6.77881
202200 -6.7893
202300 -6.77749
202400 -6.78836
202500 -6.79035
202600 -6.78298
202700 -6.77772
202800 -6.79177
202900 -6.79829
203000 -6.79891
203100 -6.77557
203200 -6.7813
203300 -6.78732
203400 -6.79372
203500 -6.79521
203600 -6.79429
203700 -6.79894
203800 -6.7788
203900 -6.78672
204000 -6.80227
204100 -6.80061
204200 -6.78148
204300 -6.80278
204400 -6.78282
204500 -6.79649
204600 -6.79979
204700 -6.8101
204800 -6.79995
204900 -6.79554
205000 -6.7899
205100 -6.78384
205200 -6.80032
205300 -6.80974
205400 -6.79995
205500 -6.80187
205600 -6.78962
205700 -6.79045
205800 -6.79905
205900 -6.78805
206000 -6.79887
206100 -6.79515
206200 -6.79293
206300 -6.78199
206400 -6.77831
206500 -6.79497
206600 -6.80155
206700 -6.79554
206800 -6.79429
206900 -6.78969
207000 -6.77765
207100 -6.78959
207200 -6.80129
207300 -6.79263
207400 -6.80495
207500 -6.79396
207600 -6.80109
207700 -6.80977
207800 -6.80774
207900 -6.78817
208000 -6.77919
208100 -6.80229
208200 -6.79399
208300 -6.79649
208400 -6.80011
208500 -6.79459
208600 -6.78341
208700 -6.79318
208800 -6.7988
208900 -6.81583
209000 -6.79958
209100 -6.78482
209200 -6.79011
209300 -6.80141
209400 -6.79884
209500 -6.78159
209600 -6.77644
209700 -6.77811
209800 -6.78391
209900 -6.80825
210000 -6.79588
210100 -6.79919
210200 -6.78857
210300 -6.77268
210400 -6.78619
210500 -6.77411
210600 -6.79869
210700 -6.79695
210800 -6.79372
210900 -6.78804
211000 -6.80288
211100 -6.81116
211200 -6.80561
211300 -6.79324
211400 -6.79796
211500 -6.78948
211600 -6.79968
211700 -6.79265
211800 -6.81066
211900 -6.80386
212000 -6.80856
212100 -6.77528
212200 -6.79665
212300 -6.79574
212400 -6.79279
212500 -6.78645
212600 -6.7962
212700 -6.78711
212800 -6.78888
212900 -6.80638
213000 -6.8005
213100 -6.81711
213200 -6.79007
213300 -6.80623
213400 -6.78451
213500 -6.79475
213600 -6.79891
213700 -6.81019
213800 -6.79151
213900 -6.77917
214000 -6.78661
214100 -6.80685
214200 -6.79586
214300 -6.80423
214400 -6.79813
214500 -6.79367
214600 -6.80715
214700 -6.80185
214800 -6.80116
214900 -6.79488
215000 -6.78723
215100 -6.79063
215200 -6.78532
215300 -6.78227
215400 -6.77946
215500 -6.79154
215600 -6.79918
215700 -6.79459
215800 -6.79788
215900 -6.79392
216000 -6.77773
216100 -6.79002
216200 -6.80024
216300 -6.79742
216400 -6.79308
216500 -6.80324
216600 -6.79871
216700 -6.80481
216800 -6.79773
216900 -6.78063
217000 -6.78418
217100 -6.79285
217200 -6.79411
217300 -6.79138
217400 -6.78629
217500 -6.79008
217600 -6.81078
217700 -6.80303
217800 -6.78966
217900 -6.78852
218000 -6.78506
218100 -6.79468
218200 -6.7992
218300 -6.80638
218400 -6.80106
218500 -6.7922
218600 -6.78147
218700 -6.80869
218800 -6.80501
218900 -6.80267
219000 -6.79493
219100 -6.81013
219200 -6.79199
219300 -6.80718
219400 -6.81421
219500 -6.80556
219600 -6.80356
219700 -6.79359
219800 -6.7976
219900 -6.80009
220000 -6.80823
220100 -6.79306
220200 -6.78277
220300 -6.79933
220400 -6.81209
220500 -6.81025
220600 -6.80403
220700 -6.78261
220800 -6.78481
220900 -6.79641
221000 -6.82864
221100 -6.79956
221200 -6.82341
221300 -6.79889
221400 -6.80976
221500 -6.78859
221600 -6.7989
221700 -6.78989
221800 -6.79385
221900 -6.80583
222000 -6.78381
222100 -6.79692
222200 -6.80135
222300 -6.80147
222400 -6.8091
222500 -6.78593
222600 -6.78782
222700 -6.80154
222800 -6.80372
222900 -6.81079
223000 -6.8035
223100 -6.7929
223200 -6.79775
223300 -6.79039
223400 -6.7967
223500 -6.79555
223600 -6.79158
223700 -6.79033
223800 -6.79153
223900 -6.79195
224000 -6.78159
224100 -6.79731
224200 -6.78599
224300 -6.79578
224400 -6.80589
224500 -6.81317
224600 -6.7814
224700 -6.79432
224800 -6.79917
224900 -6.7937
225000 -6.80268
225100 -6.80167
225200 -6.79128
225300 -6.79124
225400 -6.78832
225500 -6.78263
225600 -6.79025
225700 -6.77736
225800 -6.80243
225900 -6.8009
226000 -6.78865
226100 -6.79834
226200 -6.78571
226300 -6.79709
226400 -6.80566
226500 -6.79269
226600 -6.77175
226700 -6.78382
226800 -6.78454
226900 -6.78989
227000 -6.80657
227100 -6.80177
227200 -6.79809
227300 -6.804
227400 -6.78204
227500 -6.79135
227600 -6.78637
227700 -6.79761
227800 -6.80886
227900 -6.80524
228000 -6.80662
228100 -6.78289
228200 -6.78167
228300 -6.79971
228400 -6.80542
228500 -6.79925
228600 -6.80281
228700 -6.79915
228800 -6.7917
228900 -6.78856
229000 -6.79792
229100 -6.79627
229200 -6.80004
229300 -6.79749
229400 -6.79381
229500 -6.78796
229600 -6.80119
229700 -6.80104
229800 -6.81408
229900 -6.80924
230000 -6.78938
230100 -6.78701
230200 -6.79775
230300 -6.78719
230400 -6.79124
230500 -6.80391
230600 -6.81361
230700 -6.80908
230800 -6.79064
230900 -6.79208
231000 -6.79258
231100 -6.80608
231200 -6.79456
231300 -6.81818
231400 -6.79514
231500 -6.79759
231600 -6.80282
231700 -6.79487
231800 -6.80483
231900 -6.79832
232000 -6.79851
232100 -6.78339
232200 -6.78666
232300 -6.79084
232400 -6.80515
232500 -6.78934
232600 -6.80573
232700 -6.78151
232800 -6.79335
232900 -6.80162
233000 -6.80612
233100 -6.79484
233200 -6.81257
233300 -6.79669
233400 -6.78866
233500 -6.80994
233600 -6.79057
233700 -6.79717
233800 -6.79992
233900 -6.81219
234000 -6.79067
234100 -6.80735
234200 -6.82648
234300 -6.7856
234400 -6.7958
234500 -6.80905
234600 -6.79269
234700 -6.81048
234800 -6.81494
234900 -6.79566
235000 -6.79357
235100 -6.78775
235200 -6.78973
235300 -6.80606
235400 -6.79516
235500 -6.81079
235600 -6.79209
235700 -6.79934
235800 -6.79703
235900 -6.80278
236000 -6.81249
236100 -6.79876
236200 -6.80798
236300 -6.80805
236400 -6.79135
236500 -6.79278
236600 -6.80238
236700 -6.80607
236800 -6.81238
236900 -6.79507
237000 -6.78896
237100 -6.7974
237200 -6.8074
237300 -6.8116
237400 -6.79661
237500 -6.77767
237600 -6.77966
237700 -6.79853
237800 -6.78193
237900 -6.80157
238000 -6.78905
238100 -6.78039
238200 -6.79996
238300 -6.79757
238400 -6.80817
238500 -6.80023
238600 -6.79624
238700 -6.79328
238800 -6.78534
238900 -6.79828
239000 -6.8006
239100 -6.80316
239200 -6.79942
239300 -6.7905
239400 -6.80593
239500 -6.78576
239600 -6.79879
239700 -6.80645
239800 -6.80506
239900 -6.79969
240000 -6.78465
240100 -6.79106
240200 -6.76991
240300 -6.79013
240400 -6.81053
240500 -6.80605
240600 -6.79984
240700 -6.79605
240800 -6.77945
240900 -6.78861
241000 -6.79604
241100 -6.79979
241200 -6.7893
241300 -6.81447
241400 -6.79373
241500 -6.79329
241600 -6.79333
241700 -6.80277
241800 -6.80266
241900 -6.80586
242000 -6.80135
242100 -6.8142
242200 -6.79932
242300 -6.80811
242400 -6.80158
242500 -6.78096
242600 -6.7861
242700 -6.78851
242800 -6.79543
242900 -6.81452
243000 -6.80269
243100 -6.80254
243200 -6.78577
243300 -6.7668
243400 -6.80089
243500 -6.80688
243600 -6.80509
243700 -6.79582
243800 -6.78429
243900 -6.78531
244000 -6.78304
244100 -6.7984
244200 -6.80141
244300 -6.78866
244400 -6.79485
244500 -6.79527
244600 -6.7914
244700 -6.79914
244800 -6.77952
244900 -6.78639
245000 -6.79167
245100 -6.80848
245200 -6.80598
245300 -6.78851
245400 -6.80115
245500 -6.78689
245600 -6.7958
245700 -6.80023
245800 -6.79688
245900 -6.80087
246000 -6.80108
246100 -6.81216
246200 -6.80852
246300 -6.80401
246400 -6.80377
246500 -6.79561
246600 -6.7856
246700 -6.79326
246800 -6.80959
246900 -6.81069
247000 -6.80748
247100 -6.79806
247200 -6.77928
247300 -6.78015
247400 -6.80743
247500 -6.79901
247600 -6.79703
247700 -6.79885
247800 -6.81057
247900 -6.81799
248000 -6.80455
248100 -6.80125
248200 -6.7796
248300 -6.78784
248400 -6.79414
248500 -6.81409
248600 -6.80139
248700 -6.7984
248800 -6.7894
248900 -6.79568
249000 -6.80992
249100 -6.79961
249200 -6.80229
249300 -6.80011
249400 -6.8139
249500 -6.80281
249600 -6.81421
249700 -6.80556
249800 -6.81197
249900 -6.79362
250000 -6.79023
250100 -6.80143
250200 -6.78519
250300 -6.80031
250400 -6.8043
250500 -6.78876
250600 -6.78919
250700 -6.78544
250800 -6.79244
250900 -6.80739
251000 -6.79507
251100 -6.79552
251200 -6.80364
251300 -6.80825
251400 -6.78706
251500 -6.79832
251600 -6.78589
251700 -6.78544
251800 -6.7984
251900 -6.79945
252000 -6.81008
252100 -6.79133
252200 -6.79586
252300 -6.78511
252400 -6.7852
252500 -6.79505
252600 -6.8134
252700 -6.81124
252800 -6.80478
252900 -6.78144
253000 -6.79265
253100 -6.80072
253200 -6.8085
253300 -6.80756
253400 -6.80021
253500 -6.77646
253600 -6.7741
253700 -6.78834
253800 -6.79724
253900 -6.80738
254000 -6.80781
254100 -6.80745
254200 -6.79757
254300 -6.80416
254400 -6.78817
254500 -6.80551
254600 -6.79774
254700 -6.80483
254800 -6.80109
254900 -6.80937
255000 -6.8056
255100 -6.79048
255200 -6.78408
255300 -6.79089
255400 -6.81028
255500 -6.81345
255600 -6.80161
255700 -6.80361
255800 -6.79464
255900 -6.79384
256000 -6.80724
256100 -6.80423
256200 -6.8132
256300 -6.80903
256400 -6.80176
256500 -6.79869
256600 -6.78814
256700 -6.79064
256800 -6.80238
256900 -6.80268
257000 -6.80687
257100 -6.79877
257200 -6.80108
257300 -6.80606
257400 -6.785
257500 -6.78874
257600 -6.79522
257700 -6.79789
257800 -6.79527
257900 -6.79118
258000 -6.80342
258100 -6.79572
258200 -6.79215
258300 -6.80122
258400 -6.79851
258500 -6.80806
258600 -6.79525
258700 -6.7878
258800 -6.79116
258900 -6.81427
259000 -6.79831
259100 -6.80315
259200 -6.79474
259300 -6.79015
259400 -6.78917
259500 -6.80693
259600 -6.80555
259700 -6.79852
259800 -6.79441
259900 -6.79624
260000 -6.8119
260100 -6.80585
260200 -6.79514
260300 -6.7976
260400 -6.79537
260500 -6.78794
260600 -6.79431
260700 -6.79976
260800 -6.79961
260900 -6.79815
261000 -6.80156
261100 -6.78966
261200 -6.7858
261300 -6.79595
261400 -6.80245
261500 -6.8049
261600 -6.7782
261700 -6.78213
261800 -6.79989
261900 -6.78665
262000 -6.80273
262100 -6.78818
262200 -6.8035
262300 -6.77975
262400 -6.80747
262500 -6.80586
262600 -6.81833
262700 -6.80771
262800 -6.78948
262900 -6.79257
263000 -6.80176
263100 -6.79872
263200 -6.79771
263300 -6.79958
263400 -6.80328
263500 -6.78276
263600 -6.79594
263700 -6.80141
263800 -6.8075
263900 -6.826
264000 -6.80007
264100 -6.79098
264200 -6.76784
264300 -6.78944
264400 -6.80115
264500 -6.80443
264600 -6.79775
264700 -6.79362
264800 -6.7823
264900 -6.79546
265000 -6.79668
265100 -6.80334
265200 -6.80087
265300 -6.80016
265400 -6.78986
265500 -6.79723
265600 -6.78262
265700 -6.79501
265800 -6.79514
265900 -6.80575
266000 -6.80224
266100 -6.78923
266200 -6.79251
266300 -6.77003
266400 -6.80858
266500 -6.80479
266600 -6.80606
266700 -6.80058
266800 -6.79887
266900 -6.799
267000 -6.82385
267100 -6.79881
267200 -6.79521
267300 -6.79281
267400 -6.78121
267500 -6.78805
267600 -6.79983
267700 -6.81108
267800 -6.80044
267900 -6.79296
268000 -6.79502
268100 -6.80551
268200 -6.80999
268300 -6.80564
268400 -6.79606
268500 -6.77352
268600 -6.78685
268700 -6.80915
268800 -6.80752
268900 -6.79477
269000 -6.80232
269100 -6.79501
269200 -6.80582
269300 -6.78848
269400 -6.80318
269500 -6.80939
269600 -6.80161
269700 -6.80723
269800 -6.79166
269900 -6.79482
270000 -6.79781
270100 -6.8114
270200 -6.81232
270300 -6.7944
270400 -6.79618
270500 -6.77706
270600 -6.79497
270700 -6.79269
270800 -6.80947
270900 -6.79238
271000 -6.79073
271100 -6.77193
271200 -6.7907
271300 -6.7785
271400 -6.80115
271500 -6.79427
271600 -6.80248
271700 -6.7878
271800 -6.78153
271900 -6.81016
272000 -6.78576
272100 -6.80032
272200 -6.79369
272300 -6.79156
272400 -6.79444
272500 -6.78832
272600 -6.79966
272700 -6.79195
272800 -6.79113
272900 -6.81446
273000 -6.80516
273100 -6.78408
273200 -6.78573
273300 -6.79633
273400 -6.80175
273500 -6.80049
273600 -6.80284
273700 -6.79147
273800 -6.79469
273900 -6.80543
274000 -6.81228
274100 -6.8246
274200 -6.78829
274300 -6.79069
274400 -6.80122
274500 -6.78928
274600 -6.80346
274700 -6.79632
274800 -6.75802
274900 -6.79028
275000 -6.79812
275100 -6.79469
275200 -6.79521
275300 -6.80093
275400 -6.80649
275500 -6.80797
275600 -6.79674
275700 -6.8015
275800 -6.80639
275900 -6.80728
276000 -6.80942
276100 -6.78668
276200 -6.79544
276300 -6.80006
276400 -6.7968
276500 -6.80991
276600 -6.79127
276700 -6.7879
276800 -6.79297
276900 -6.79566
277000 -6.79388
277100 -6.80048
277200 -6.80496
277300 -6.77717
277400 -6.78822
277500 -6.81083
277600 -6.80215
277700 -6.79475
277800 -6.79595
277900 -6.78973
278000 -6.78223
278100 -6.80278
278200 -6.81567
278300 -6.80609
278400 -6.79658
278500 -6.78656
278600 -6.80152
278700 -6.81014
278800 -6.80113
278900 -6.79537
279000 -6.79998
279100 -6.79308
279200 -6.80755
279300 -6.8161
279400 -6.80687
279500 -6.81016
279600 -6.79136
279700 -6.78764
279800 -6.79767
279900 -6.81311
280000 -6.8143
280100 -6.8016
280200 -6.79245
280300 -6.79254
280400 -6.80799
280500 -6.81642
280600 -6.80548
280700 -6.78597
280800 -6.78766
280900 -6.8038
281000 -6.78975
281100 -6.80716
281200 -6.77813
281300 -6.79178
281400 -6.79126
281500 -6.78466
281600 -6.79383
281700 -6.8011
281800 -6.81943
281900 -6.8004
282000 -6.79609
282100 -6.79425
282200 -6.80723
282300 -6.80016
282400 -6.79075
282500 -6.79508
282600 -6.80949
282700 -6.81503
282800 -6.80718
282900 -6.79475
283000 -6.78837
283100 -6.79849
283200 -6.79704
283300 -6.80688
283400 -6.80831
283500 -6.80577
283600 -6.79758
283700 -6.78665
283800 -6.81211
283900 -6.80395
284000 -6.80202
284100 -6.79247
284200 -6.79331
284300 -6.78707
284400 -6.80228
284500 -6.79924
284600 -6.80888
284700 -6.79943
284800 -6.79671
284900 -6.78774
285000 -6.80618
285100 -6.79701
285200 -6.78615
285300 -6.79669
285400 -6.78089
285500 -6.79414
285600 -6.8023
285700 -6.80475
285800 -6.784
285900 -6.79348
286000 -6.80245
286100 -6.82591
286200 -6.81186
286300 -6.80182
286400 -6.79135
286500 -6.80027
286600 -6.79888
286700 -6.82705
286800 -6.80467
286900 -6.80366
287000 -6.80776
287100 -6.80077
287200 -6.7993
287300 -6.80163
287400 -6.81243
287500 -6.80706
287600 -6.79165
287700 -6.78699
287800 -6.79575
287900 -6.80492
288000 -6.80695
288100 -6.81822
288200 -6.80892
288300 -6.80565
288400 -6.79038
288500 -6.78764
288600 -6.79465
288700 -6.81818
288800 -6.80607
288900 -6.78982
289000 -6.80033
289100 -6.79287
289200 -6.80039
289300 -6.80577
289400 -6.81636
289500 -6.80121
289600 -6.8129
289700 -6.7845
289800 -6.80574
289900 -6.80793
290000 -6.81296
290100 -6.79418
290200 -6.78224
290300 -6.78683
290400 -6.79961
290500 -6.81689
290600 -6.81447
290700 -6.78349
290800 -6.7873
290900 -6.80465
291000 -6.79958
291100 -6.80635
291200 -6.79009
291300 -6.7805
291400 -6.78453
291500 -6.80161
291600 -6.79667
291700 -6.78981
291800 -6.80976
291900 -6.79741
292000 -6.81068
292100 -6.79238
292200 -6.80529
292300 -6.80507
292400 -6.81114
292500 -6.80822
292600 -6.80761
292700 -6.78009
292800 -6.79006
292900 -6.79535
293000 -6.82272
293100 -6.81517
293200 -6.80484
293300 -6.79557
293400 -6.80102
293500 -6.7937
293600 -6.79382
293700 -6.78359
293800 -6.78589
293900 -6.80242
294000 -6.79227
294100 -6.80448
294200 -6.78925
294300 -6.7801
294400 -6.78738
294500 -6.8063
294600 -6.81096
294700 -6.80132
294800 -6.79796
294900 -6.80229
295000 -6.81917
295100 -6.80898
295200 -6.80293
295300 -6.80363
295400 -6.80197
295500 -6.79543
295600 -6.8026
295700 -6.78387
295800 -6.78026
295900 -6.80011
296000 -6.81081
296100 -6.81086
296200 -6.79834
296300 -6.77912
296400 -6.78556
296500 -6.77886
296600 -6.8067
296700 -6.81514
296800 -6.7898
296900 -6.78751
297000 -6.79729
297100 -6.79007
297200 -6.80796
297300 -6.81209
297400 -6.79004
297500 -6.7912
297600 -6.78347
297700 -6.80969
297800 -6.80948
297900 -6.81641
298000 -6.80447
298100 -6.7913
298200 -6.79747
298300 -6.79585
298400 -6.8121
298500 -6.80877
298600 -6.79297
298700 -6.78025
298800 -6.80105
298900 -6.7946
299000 -6.7997
299100 -6.81489
299200 -6.78398
299300 -6.78895
299400 -6.80609
299500 -6.79144
299600 -6.80348
299700 -6.80705
299800 -6.7974
299900 -6.78998
300000 -6.78607
300100 -6.80306
300200 -6.80972
300300 -6.79926
300400 -6.78799
300500 -6.80213
300600 -6.79949
300700 -6.78982
300800 -6.80317
300900 -6.80151
301000 -6.80282
301100 -6.78714
301200 -6.77635
301300 -6.80219
301400 -6.81489
301500 -6.8026
301600 -6.7976
301700 -6.80155
301800 -6.79017
301900 -6.80352
302000 -6.8074
302100 -6.81296
302200 -6.8029
302300 -6.80356
302400 -6.79793
302500 -6.78864
302600 -6.78333
302700 -6.80656
302800 -6.79613
302900 -6.81283
303000 -6.80768
303100 -6.80097
303200 -6.78637
303300 -6.79757
303400 -6.80791
303500 -6.80443
303600 -6.80294
303700 -6.8009
303800 -6.7923
303900 -6.79094
304000 -6.79931
304100 -6.79954
304200 -6.80825
304300 -6.80054
304400 -6.78837
304500 -6.80278
304600 -6.80029
304700 -6.80904
304800 -6.81635
304900 -6.80552
305000 -6.78692
305100 -6.80059
305200 -6.78808
305300 -6.80212
305400 -6.80651
305500 -6.8015
305600 -6.80181
305700 -6.79318
305800 -6.79295
305900 -6.79647
306000 -6.79924
306100 -6.80138
306200 -6.7853
306300 -6.80124
306400 -6.79926
306500 -6.7991
306600 -6.80462
306700 -6.80054
306800 -6.79304
306900 -6.80397
307000 -6.79514
307100 -6.80892
307200 -6.81207
307300 -6.80459
307400 -6.79147
307500 -6.79639
307600 -6.79019
307700 -6.79589
307800 -6.79897
307900 -6.80621
308000 -6.79271
308100 -6.77878
308200 -6.7911
308300 -6.7987
308400 -6.81023
308500 -6.81853
308600 -6.78543
308700 -6.80227
308800 -6.79893
308900 -6.81445
309000 -6.80954
309100 -6.81437
309200 -6.80801
309300 -6.76804
309400 -6.78779
309500 -6.79195
309600 -6.79511
309700 -6.80856
309800 -6.79659
309900 -6.78366
310000 -6.77765
310100 -6.79076
310200 -6.79847
310300 -6.80255
310400 -6.80702
310500 -6.7953
310600 -6.78546
310700 -6.79188
310800 -6.81132
310900 -6.80111
311000 -6.80274
311100 -6.79518
311200 -6.80129
311300 -6.78019
311400 -6.79118
311500 -6.79532
311600 -6.80084
311700 -6.79572
311800 -6.79519
311900 -6.79381
312000 -6.79174
312100 -6.79409
312200 -6.80257
312300 -6.80582
312400 -6.80015
312500 -6.7833
312600 -6.80786
312700 -6.80839
312800 -6.7948
312900 -6.78919
313000 -6.78083
313100 -6.79894
313200 -6.7964
313300 -6.81457
313400 -6.81337
313500 -6.79742
313600 -6.80282
313700 -6.80388
313800 -6.80009
313900 -6.80561
314000 -6.80487
314100 -6.78657
314200 -6.77993
314300 -6.80622
314400 -6.80916
314500 -6.81259
314600 -6.81545
314700 -6.80578
314800 -6.79642
314900 -6.79188
315000 -6.80031
315100 -6.78913
315200 -6.80561
315300 -6.80093
315400 -6.77894
315500 -6.78916
315600 -6.79058
315700 -6.79138
315800 -6.80727
315900 -6.80644
316000 -6.81453
316100 -6.79991
316200 -6.78957
316300 -6.79612
316400 -6.79639
316500 -6.79293
316600 -6.81066
316700 -6.79616
316800 -6.80152
316900 -6.79665
317000 -6.78361
317100 -6.79601
317200 -6.79358
317300 -6.8014
317400 -6.79113
317500 -6.80837
317600 -6.80513
317700 -6.81222
317800 -6.79607
317900 -6.79001
318000 -6.79774
318100 -6.8086
318200 -6.79887
318300 -6.8042
318400 -6.79116
318500 -6.79672
318600 -6.79555
318700 -6.80412
318800 -6.80568
318900 -6.79754
319000 -6.79305
319100 -6.80443
319200 -6.80482
319300 -6.80567
319400 -6.82197
319500 -6.7881
319600 -6.79898
319700 -6.78768
319800 -6.7803
319900 -6.81313
320000 -6.81209
320100 -6.79191
320200 -6.79635
320300 -6.78213
320400 -6.80424
320500 -6.80822
320600 -6.80131
320700 -6.79442
320800 -6.79762
320900 -6.79201
321000 -6.79607
321100 -6.78996
321200 -6.80541
321300 -6.79647
321400 -6.79922
321500 -6.78897
321600 -6.80553
321700 -6.80171
321800 -6.8001
321900 -6.79114
322000 -6.79971
322100 -6.81008
322200 -6.78997
322300 -6.79369
322400 -6.80096
322500 -6.78473
322600 -6.78684
322700 -6.78767
322800 -6.79385
322900 -6.80664
323000 -6.80046
323100 -6.80079
323200 -6.80749
323300 -6.82651
323400 -6.79516
323500 -6.78125
323600 -6.79095
323700 -6.79607
323800 -6.79923
323900 -6.79971
324000 -6.8005
324100 -6.79051
324200 -6.79811
324300 -6.79936
324400 -6.8117
324500 -6.79428
324600 -6.8151
324700 -6.80113
324800 -6.79383
324900 -6.79312
325000 -6.77867
325100 -6.79952
325200 -6.79622
325300 -6.80298
325400 -6.78608
325500 -6.78601
325600 -6.79416
325700 -6.80154
325800 -6.80889
325900 -6.78253
326000 -6.78407
326100 -6.7891
326200 -6.80924
326300 -6.82301
326400 -6.80421
326500 -6.79592
326600 -6.80871
326700 -6.80161
326800 -6.80347
326900 -6.80487
327000 -6.8056
327100 -6.78345
327200 -6.79372
327300 -6.78961
327400 -6.79282
327500 -6.78231
327600 -6.79044
327700 -6.80546
327800 -6.79794
327900 -6.80725
328000 -6.78465
328100 -6.78213
328200 -6.79737
328300 -6.79524
328400 -6.80527
328500 -6.80537
328600 -6.79992
328700 -6.78977
328800 -6.80544
328900 -6.80466
329000 -6.80293
329100 -6.81572
329200 -6.79478
329300 -6.79836
329400 -6.80511
329500 -6.81285
329600 -6.81652
329700 -6.79795
329800 -6.80854
329900 -6.79482
330000 -6.81006
330100 -6.80474
330200 -6.78217
330300 -6.78186
330400 -6.79071
330500 -6.81113
330600 -6.81544
330700 -6.78858
330800 -6.79818
330900 -6.79767
331000 -6.79656
331100 -6.79901
331200 -6.80031
331300 -6.79677
331400 -6.78383
331500 -6.78388
331600 -6.81564
331700 -6.81472
331800 -6.8124
331900 -6.78304
332000 -6.77091
332100 -6.79289
332200 -6.79621
332300 -6.79826
332400 -6.79371
332500 -6.8112
332600 -6.7914
332700 -6.78374
332800 -6.7908
332900 -6.79873
333000 -6.79495
333100 -6.8043
333200 -6.79353
333300 -6.79328
333400 -6.80262
333500 -6.81008
333600 -6.80392
333700 -6.80571
333800 -6.79435
333900 -6.78211
334000 -6.78231
334100 -6.78804
334200 -6.79343
334300 -6.81541
334400 -6.81298
334500 -6.7856
334600 -6.79027
334700 -6.78912
334800 -6.82177
334900 -6.80704
335000 -6.79859
335100 -6.79631
335200 -6.80682
335300 -6.79523
335400 -6.80468
335500 -6.80688
335600 -6.80155
335700 -6.80826
335800 -6.78725
335900 -6.80813
336000 -6.79822
336100 -6.80742
336200 -6.80739
336300 -6.78478
336400 -6.7985
336500 -6.81046
336600 -6.79991
336700 -6.80875
336800 -6.80834
336900 -6.81109
337000 -6.81754
337100 -6.80218
337200 -6.79188
337300 -6.78967
337400 -6.80686
337500 -6.79995
337600 -6.8105
337700 -6.80728
337800 -6.78286
337900 -6.79913
338000 -6.7764
338100 -6.79439
338200 -6.80155
338300 -6.79807
338400 -6.80861
338500 -6.79861
338600 -6.79218
338700 -6.7857
338800 -6.79809
338900 -6.80191
339000 -6.80912
339100 -6.78637
339200 -6.78798
339300 -6.79482
339400 -6.80268
339500 -6.80735
339600 -6.79003
339700 -6.79048
339800 -6.79451
339900 -6.79245
340000 -6.79954
340100 -6.8074
340200 -6.82409
340300 -6.8134
340400 -6.80571
340500 -6.78333
340600 -6.81194
340700 -6.80221
340800 -6.80863
340900 -6.79811
341000 -6.80791
341100 -6.79812
341200 -6.80382
341300 -6.80079
341400 -6.81369
341500 -6.79869
341600 -6.80623
341700 -6.80379
341800 -6.79866
341900 -6.79977
342000 -6.80369
342100 -6.80671
342200 -6.79884
342300 -6.80337
342400 -6.78929
342500 -6.8
342600 -6.81097
342700 -6.81218
342800 -6.78934
342900 -6.78486
343000 -6.79038
343100 -6.79491
343200 -6.80392
343300 -6.80494
343400 -6.79664
343500 -6.80558
343600 -6.78699
343700 -6.78867
343800 -6.80172
343900 -6.80053
344000 -6.79687
344100 -6.78917
344200 -6.78388
344300 -6.79232
344400 -6.81247
344500 -6.80439
344600 -6.80548
344700 -6.80085
344800 -6.785
344900 -6.80946
345000 -6.81837
345100 -6.81471
345200 -6.79122
345300 -6.7888
345400 -6.7978
345500 -6.79721
345600 -6.79797
345700 -6.77485
345800 -6.79537
345900 -6.80527
346000 -6.79438
346100 -6.79832
346200 -6.79732
346300 -6.79812
346400 -6.80401
346500 -6.80197
346600 -6.81254
346700 -6.79121
346800 -6.79477
346900 -6.7845
347000 -6.80168
347100 -6.80116
347200 -6.80171
347300 -6.81257
347400 -6.81141
347500 -6.79243
347600 -6.80539
347700 -6.80477
347800 -6.80346
347900 -6.79443
348000 -6.79368
348100 -6.79532
348200 -6.80203
348300 -6.80071
348400 -6.80729
348500 -6.81077
348600 -6.79358
348700 -6.78702
348800 -6.7987
348900 -6.77792
349000 -6.79463
349100 -6.80559
349200 -6.79401
349300 -6.80199
349400 -6.80596
349500 -6.788
349600 -6.79439
349700 -6.80539
349800 -6.78771
349900 -6.8019
350000 -6.79052
350100 -6.7927
350200 -6.78688
350300 -6.79804
350400 -6.81348
350500 -6.80632
350600 -6.79206
350700 -6.79053
350800 -6.79284
350900 -6.79629
351000 -6.79657
351100 -6.80653
351200 -6.79441
351300 -6.817
351400 -6.81532
351500 -6.80548
351600 -6.80236
351700 -6.81231
351800 -6.80303
351900 -6.81077
352000 -6.80805
352100 -6.79883
352200 -6.80115
352300 -6.79994
352400 -6.77755
352500 -6.80433
352600 -6.80951
352700 -6.79207
352800 -6.80108
352900 -6.79438
353000 -6.79573
353100 -6.79505
353200 -6.80787
353300 -6.80186
353400 -6.78077
353500 -6.79609
353600 -6.81623
353700 -6.82546
353800 -6.81109
353900 -6.7841
354000 -6.80092
354100 -6.8068
354200 -6.80858
354300 -6.80975
354400 -6.80791
354500 -6.79982
354600 -6.79329
354700 -6.8141
354800 -6.80225
354900 -6.81331
355000 -6.80951
355100 -6.79649
355200 -6.79764
355300 -6.79551
355400 -6.8094
355500 -6.8341
355600 -6.82228
355700 -6.80465
355800 -6.79509
355900 -6.79662
356000 -6.79635
356100 -6.80519
356200 -6.82238
356300 -6.80874
356400 -6.79411
356500 -6.78428
356600 -6.78961
356700 -6.80969
356800 -6.81029
356900 -6.81149
357000 -6.79828
357100 -6.81163
357200 -6.7979
357300 -6.78816
357400 -6.7875
357500 -6.79198
357600 -6.79411
357700 -6.80144
357800 -6.81218
357900 -6.79599
358000 -6.78399
358100 -6.82531
358200 -6.82007
358300 -6.80228
358400 -6.80737
358500 -6.80099
358600 -6.79089
358700 -6.8092
358800 -6.81729
358900 -6.80562
359000 -6.78871
359100 -6.79944
359200 -6.7973
359300 -6.81955
359400 -6.79778
359500 -6.80051
359600 -6.80473
359700 -6.81408
359800 -6.80611
359900 -6.81287
360000 -6.79734
360100 -6.78941
360200 -6.80707
360300 -6.78513
360400 -6.81014
360500 -6.82886
360600 -6.8117
360700 -6.80201
360800 -6.80327
360900 -6.78154
361000 -6.79891
361100 -6.78543
361200 -6.79759
361300 -6.80992
361400 -6.79518
361500 -6.80355
361600 -6.79376
361700 -6.79104
361800 -6.8009
361900 -6.80952
362000 -6.80266
362100 -6.77116
362200 -6.78658
362300 -6.78862
362400 -6.80893
362500 -6.79863
362600 -6.7917
362700 -6.79851
362800 -6.79906
362900 -6.81688
363000 -6.81608
363100 -6.81589
363200 -6.81423
363300 -6.78924
363400 -6.79381
363500 -6.79322
363600 -6.79407
363700 -6.81969
363800 -6.80622
363900 -6.79363
364000 -6.79497
364100 -6.80124
364200 -6.82139
364300 -6.81913
364400 -6.8175
364500 -6.7949
364600 -6.79378
364700 -6.80367
364800 -6.79639
364900 -6.81536
365000 -6.81225
365100 -6.80629
365200 -6.79648
365300 -6.80283
365400 -6.79814
365500 -6.81419
365600 -6.80732
365700 -6.79008
365800 -6.78389
365900 -6.7965
366000 -6.80552
366100 -6.80299
366200 -6.79722
366300 -6.78985
366400 -6.7757
366500 -6.78943
366600 -6.79513
366700 -6.80891
366800 -6.80059
366900 -6.80446
367000 -6.79824
367100 -6.80232
367200 -6.78956
367300 -6.80418
367400 -6.79327
367500 -6.80682
367600 -6.79204
367700 -6.77809
367800 -6.78645
367900 -6.80975
368000 -6.80938
368100 -6.80607
368200 -6.80481
368300 -6.78505
368400 -6.79744
368500 -6.80125
368600 -6.79611
368700 -6.8027
368800 -6.7988
368900 -6.80097
369000 -6.81082
369100 -6.80628
369200 -6.79497
369300 -6.80332
369400 -6.80506
369500 -6.81179
369600 -6.79688
369700 -6.80998
369800 -6.79737
369900 -6.78968
370000 -6.78953
370100 -6.79947
370200 -6.79774
370300 -6.79384
370400 -6.79837
370500 -6.80173
370600 -6.7893
370700 -6.80547
370800 -6.78893
370900 -6.81197
371000 -6.81138
371100 -6.8061
371200 -6.80076
371300 -6.78611
371400 -6.78817
371500 -6.79358
371600 -6.80643
371700 -6.81445
371800 -6.81446
371900 -6.80283
372000 -6.79168
372100 -6.80789
372200 -6.81825
372300 -6.80223
372400 -6.79981
372500 -6.80331
372600 -6.78503
372700 -6.80729
372800 -6.81674
372900 -6.79543
373000 -6.80806
373100 -6.7995
373200 -6.80742
373300 -6.79884
373400 -6.79682
373500 -6.81112
373600 -6.81359
373700 -6.80283
373800 -6.79967
373900 -6.78052
374000 -6.79059
374100 -6.79812
374200 -6.79767
374300 -6.80408
374400 -6.8053
374500 -6.78966
374600 -6.79261
374700 -6.79265
374800 -6.80739
374900 -6.8105
375000 -6.78779
375100 -6.79962
375200 -6.79864
375300 -6.79421
375400 -6.79633
375500 -6.80919
375600 -6.80251
375700 -6.79723
375800 -6.80695
375900 -6.80325
376000 -6.7941
376100 -6.80616
376200 -6.81397
376300 -6.81094
376400 -6.79543
376500 -6.80605
376600 -6.79935
376700 -6.79355
376800 -6.79059
376900 -6.80992
377000 -6.80481
377100 -6.78733
377200 -6.79315
377300 -6.8054
377400 -6.79586
377500 -6.80135
377600 -6.79907
377700 -6.79989
377800 -6.78593
377900 -6.79779
378000 -6.79754
378100 -6.81085
378200 -6.80555
378300 -6.80719
378400 -6.78395
378500 -6.79063
378600 -6.78485
378700 -6.79003
378800 -6.80713
378900 -6.81185
379000 -6.7961
379100 -6.80206
379200 -6.79542
379300 -6.79488
379400 -6.81403
379500 -6.81267
379600 -6.79279
379700 -6.78261
379800 -6.79186
379900 -6.80468
380000 -6.81655
380100 -6.81105
380200 -6.80203
380300 -6.79908
380400 -6.79502
380500 -6.80134
380600 -6.79447
380700 -6.79177
380800 -6.80141
380900 -6.7952
381000 -6.82077
381100 -6.80953
381200 -6.7949
381300 -6.8034
381400 -6.7969
381500 -6.80178
381600 -6.81175
381700 -6.81349
381800 -6.80554
381900 -6.80456
382000 -6.80718
382100 -6.81559
382200 -6.81104
382300 -6.81586
382400 -6.80347
382500 -6.80184
382600 -6.8019
382700 -6.79077
382800 -6.79498
382900 -6.81064
383000 -6.80288
383100 -6.79183
383200 -6.78485
383300 -6.80797
383400 -6.81805
383500 -6.80966
383600 -6.79658
383700 -6.79474
383800 -6.80127
383900 -6.7945
384000 -6.79711
384100 -6.80005
384200 -6.80721
384300 -6.79025
384400 -6.79692
384500 -6.78968
384600 -6.81071
384700 -6.81353
384800 -6.7927
384900 -6.78717
385000 -6.7971
385100 -6.80085
385200 -6.79636
385300 -6.8104
385400 -6.79075
385500 -6.79334
385600 -6.79878
385700 -6.79912
385800 -6.78793
385900 -6.80488
386000 -6.8015
386100 -6.80371
386200 -6.80125
386300 -6.80187
386400 -6.79841
386500 -6.79835
386600 -6.78971
386700 -6.79476
386800 -6.79824
386900 -6.81304
387000 -6.79805
387100 -6.80426
387200 -6.78856
387300 -6.79747
387400 -6.7934
387500 -6.80737
387600 -6.80839
387700 -6.79621
387800 -6.79207
387900 -6.78682
388000 -6.80067
388100 -6.79578
388200 -6.81157
388300 -6.80556
388400 -6.79583
388500 -6.78748
388600 -6.81568
388700 -6.8138
388800 -6.80759
388900 -6.7887
389000 -6.79557
389100 -6.78726
389200 -6.79207
389300 -6.82103
389400 -6.80328
389500 -6.80392
389600 -6.79838
389700 -6.79939
389800 -6.80743
389900 -6.82236
390000 -6.79536
390100 -6.79581
390200 -6.79106
390300 -6.7851
390400 -6.80316
390500 -6.80916
390600 -6.80663
390700 -6.80403
390800 -6.78694
390900 -6.79179
391000 -6.80228
391100 -6.80878
391200 -6.80484
391300 -6.79575
391400 -6.76904
391500 -6.77692
391600 -6.77133
391700 -6.78883
391800 -6.79407
391900 -6.80732
392000 -6.80995
392100 -6.80531
392200 -6.78845
392300 -6.79174
392400 -6.80408
392500 -6.81348
392600 -6.80188
392700 -6.7873
392800 -6.78511
392900 -6.78983
393000 -6.79679
393100 -6.81135
393200 -6.81747
393300 -6.79438
393400 -6.79893
393500 -6.79226
393600 -6.80786
393700 -6.79993
393800 -6.80496
393900 -6.7999
394000 -6.78327
394100 -6.80782
394200 -6.81472
394300 -6.81166
394400 -6.81569
394500 -6.79661
394600 -6.78846
394700 -6.7843
394800 -6.81068
394900 -6.81335
395000 -6.79549
395100 -6.7979
395200 -6.79796
395300 -6.78938
395400 -6.81535
395500 -6.80572
395600 -6.79522
395700 -6.79522
395800 -6.79179
395900 -6.78628
396000 -6.80628
396100 -6.80438
396200 -6.80583
396300 -6.79856
396400 -6.8122
396500 -6.79304
396600 -6.80914
396700 -6.81372
396800 -6.80914
396900 -6.80106
397000 -6.77125
397100 -6.78074
397200 -6.80971
397300 -6.82086
397400 -6.80181
397500 -6.79962
397600 -6.78518
397700 -6.8045
397800 -6.7952
397900 -6.81953
398000 -6.81556
398100 -6.80316
398200 -6.79373
398300 -6.79125
398400 -6.791
398500 -6.80882
398600 -6.81219
398700 -6.80776
398800 -6.79503
398900 -6.81481
399000 -6.79544
399100 -6.78626
399200 -6.78802
399300 -6.8056
399400 -6.81261
399500 -6.80044
399600 -6.78901
399700 -6.79165
399800 -6.79633
399900 -6.81269
400000 -6.80749
400100 -6.77495
400200 -6.7834
400300 -6.78897
400400 -6.80247
400500 -6.80912
400600 -6.81198
400700 -6.78412
400800 -6.7667
400900 -6.78669
401000 -6.7924
401100 -6.80515
401200 -6.81135
401300 -6.80555
401400 -6.79713
401500 -6.78916
401600 -6.79246
401700 -6.80532
401800 -6.80219
401900 -6.78921
402000 -6.80004
402100 -6.8096
402200 -6.79895
402300 -6.79881
402400 -6.82228
402500 -6.81318
402600 -6.80902
402700 -6.79581
402800 -6.78809
402900 -6.80113
403000 -6.80873
403100 -6.80646
403200 -6.81438
403300 -6.79253
403400 -6.80357
403500 -6.79769
403600 -6.79288
403700 -6.79143
403800 -6.80785
403900 -6.81354
404000 -6.80099
404100 -6.7968
404200 -6.80332
404300 -6.79291
404400 -6.80792
404500 -6.81807
404600 -6.80611
404700 -6.80336
404800 -6.79754
404900 -6.80076
405000 -6.8024
405100 -6.8165
405200 -6.78344
405300 -6.78541
405400 -6.79061
405500 -6.7986
405600 -6.79165
405700 -6.8118
405800 -6.79516
405900 -6.79069
406000 -6.81416
406100 -6.81508
406200 -6.81862
406300 -6.79908
406400 -6.78676
406500 -6.79802
406600 -6.81055
406700 -6.81829
406800 -6.80338
406900 -6.78945
407000 -6.78778
407100 -6.80471
407200 -6.80966
407300 -6.79743
407400 -6.8027
407500 -6.7996
407600 -6.8071
407700 -6.78329
407800 -6.80127
407900 -6.79899
408000 -6.81758
408100 -6.80505
408200 -6.79167
408300 -6.78972
408400 -6.79401
408500 -6.78056
408600 -6.80302
408700 -6.81057
408800 -6.78917
408900 -6.79954
409000 -6.79484
409100 -6.80016
409200 -6.81033
409300 -6.80464
409400 -6.77797
409500 -6.79616
409600 -6.81163
409700 -6.80083
409800 -6.80669
409900 -6.79709
410000 -6.79918
410100 -6.79436
410200 -6.79841
410300 -6.79172
410400 -6.79537
410500 -6.79164
410600 -6.79439
410700 -6.79465
410800 -6.81044
410900 -6.80021
411000 -6.79759
411100 -6.7949
411200 -6.79365
411300 -6.81004
411400 -6.81119
411500 -6.8074
411600 -6.79521
411700 -6.79626
411800 -6.81612
411900 -6.79919
412000 -6.79396
412100 -6.80508
412200 -6.77358
412300 -6.77607
412400 -6.78864
412500 -6.80212
412600 -6.80745
412700 -6.80651
412800 -6.79289
412900 -6.80019
413000 -6.78898
413100 -6.79199
413200 -6.79539
413300 -6.80082
413400 -6.7971
413500 -6.80568
413600 -6.79974
413700 -6.78904
413800 -6.79823
413900 -6.8064
414000 -6.80699
414100 -6.79467
414200 -6.79717
414300 -6.79832
414400 -6.80106
414500 -6.81757
414600 -6.80964
414700 -6.80042
414800 -6.79668
414900 -6.81732
415000 -6.82453
415100 -6.79638
415200 -6.79102
415300 -6.77166
415400 -6.79444
415500 -6.80443
415600 -6.79768
415700 -6.80614
415800 -6.80876
415900 -6.79998
416000 -6.80179
416100 -6.7925
416200 -6.80028
416300 -6.79353
416400 -6.79988
416500 -6.79477
416600 -6.79242
416700 -6.81115
416800 -6.81295
416900 -6.80208
417000 -6.81066
417100 -6.79999
417200 -6.80415
417300 -6.78652
417400 -6.81017
417500 -6.82583
417600 -6.80095
417700 -6.7903
417800 -6.78672
417900 -6.80214
418000 -6.81285
418100 -6.79857
418200 -6.78478
418300 -6.79482
418400 -6.80423
418500 -6.80575
418600 -6.79472
418700 -6.79972
418800 -6.79905
418900 -6.781
419000 -6.77374
419100 -6.80654
419200 -6.80155
419300 -6.80049
419400 -6.79067
419500 -6.79568
419600 -6.78267
419700 -6.78992
419800 -6.79829
419900 -6.81464
420000 -6.78516
420100 -6.79193
420200 -6.78068
420300 -6.77574
420400 -6.8028
420500 -6.81001
420600 -6.80681
420700 -6.78082
420800 -6.80461
420900 -6.79564
421000 -6.78536
421100 -6.79142
421200 -6.79931
421300 -6.80619
421400 -6.81413
421500 -6.81504
421600 -6.80132
421700 -6.79974
421800 -6.79737
421900 -6.79523
422000 -6.80513
422100 -6.79662
422200 -6.8026
422300 -6.79626
422400 -6.79757
422500 -6.79097
422600 -6.80892
422700 -6.81204
422800 -6.80189
422900 -6.80111
423000 -6.78844
423100 -6.81396
423200 -6.79462
423300 -6.80554
423400 -6.81557
423500 -6.80343
423600 -6.79214
423700 -6.79688
423800 -6.79132
423900 -6.81117
424000 -6.82012
424100 -6.8067
424200 -6.78855
424300 -6.80216
424400 -6.7893
424500 -6.79878
424600 -6.80266
424700 -6.79787
424800 -6.78969
424900 -6.79351
425000 -6.79831
425100 -6.80236
425200 -6.81583
425300 -6.79176
425400 -6.78421
425500 -6.79457
425600 -6.80814
425700 -6.81434
425800 -6.80123
425900 -6.79054
426000 -6.78741
426100 -6.80036
426200 -6.79205
426300 -6.79801
426400 -6.79487
426500 -6.78697
426600 -6.78196
426700 -6.78402
426800 -6.79781
426900 -6.79995
427000 -6.80803
427100 -6.79896
427200 -6.81232
427300 -6.80597
427400 -6.8034
427500 -6.82794
427600 -6.78762
427700 -6.80259
427800 -6.8082
427900 -6.80495
428000 -6.80338
428100 -6.7807
428200 -6.78174
428300 -6.79267
428400 -6.81501
428500 -6.80885
428600 -6.81288
428700 -6.79424
428800 -6.7884
428900 -6.79177
429000 -6.80514
429100 -6.81336
429200 -6.79147
429300 -6.79476
429400 -6.79792
429500 -6.80039
429600 -6.80576
429700 -6.79594
429800 -6.78872
429900 -6.79782
430000 -6.7718
430100 -6.78999
430200 -6.80233
430300 -6.8053
430400 -6.80738
430500 -6.78574
430600 -6.78283
430700 -6.80204
430800 -6.80247
430900 -6.79459
431000 -6.80469
431100 -6.77989
431200 -6.78245
431300 -6.80754
431400 -6.81499
431500 -6.81724
431600 -6.80058
431700 -6.79886
431800 -6.79732
431900 -6.79444
432000 -6.80456
432100 -6.79021
432200 -6.79061
432300 -6.78284
432400 -6.80417
432500 -6.80991
432600 -6.81029
432700 -6.7887
432800 -6.78502
432900 -6.79023
433000 -6.79809
433100 -6.80068
433200 -6.79066
433300 -6.79996
433400 -6.7788
433500 -6.78904
433600 -6.79896
433700 -6.7958
433800 -6.79933
433900 -6.81897
434000 -6.80502
434100 -6.80732
434200 -6.79001
434300 -6.78953
434400 -6.78769
434500 -6.78855
434600 -6.80292
434700 -6.79606
434800 -6.79513
434900 -6.79877
435000 -6.81499
435100 -6.811
435200 -6.79793
435300 -6.79496
435400 -6.79985
435500 -6.8006
435600 -6.79776
435700 -6.80571
435800 -6.78707
435900 -6.7972
436000 -6.7937
436100 -6.81211
436200 -6.79933
436300 -6.7834
436400 -6.78769
436500 -6.80447
436600 -6.8045
436700 -6.80353
436800 -6.80267
436900 -6.78927
437000 -6.80712
437100 -6.80295
437200 -6.81325
437300 -6.79847
437400 -6.79457
437500 -6.77776
437600 -6.8008
437700 -6.80982
437800 -6.81104
437900 -6.80887
438000 -6.79617
438100 -6.79758
438200 -6.80199
438300 -6.8058
438400 -6.79266
438500 -6.80525
438600 -6.79912
438700 -6.80701
438800 -6.80324
438900 -6.81925
439000 -6.80914
439100 -6.79945
439200 -6.79794
439300 -6.79286
439400 -6.80407
439500 -6.79904
439600 -6.79201
439700 -6.78666
439800 -6.80031
439900 -6.8053
440000 -6.8053
440100 -6.7989
440200 -6.79331
440300 -6.77977
440400 -6.8054
440500 -6.79781
440600 -6.80248
440700 -6.78222
440800 -6.7842
440900 -6.79874
441000 -6.8235
441100 -6.80105
441200 -6.79925
441300 -6.79162
441400 -6.79528
441500 -6.80536
441600 -6.81118
441700 -6.80626
441800 -6.80322
441900 -6.78758
442000 -6.78624
442100 -6.79832
442200 -6.80144
442300 -6.80617
442400 -6.80105
442500 -6.79872
442600 -6.77117
442700 -6.78299
442800 -6.80076
442900 -6.80059
443000 -6.82108
443100 -6.79961
443200 -6.78691
443300 -6.79224
443400 -6.79161
443500 -6.8009
443600 -6.80636
443700 -6.80433
443800 -6.78779
443900 -6.78465
444000 -6.80993
444100 -6.81158
444200 -6.80267
444300 -6.79269
444400 -6.78738
444500 -6.79563
444600 -6.81249
444700 -6.78996
444800 -6.80526
444900 -6.80543
445000 -6.805
445100 -6.80301
445200 -6.81006
445300 -6.79984
445400 -6.802
445500 -6.80197
445600 -6.79003
445700 -6.80336
445800 -6.8026
445900 -6.81047
446000 -6.80944
446100 -6.80641
446200 -6.80646
446300 -6.79512
446400 -6.79145
446500 -6.79273
446600 -6.78945
446700 -6.80759
446800 -6.8077
446900 -6.79617
447000 -6.76738
447100 -6.78659
447200 -6.79908
447300 -6.80616
447400 -6.80847
447500 -6.7928
447600 -6.78403
447700 -6.79131
447800 -6.81429
447900 -6.81009
448000 -6.79059
448100 -6.8003
448200 -6.79135
448300 -6.80912
448400 -6.80179
448500 -6.82763
448600 -6.80425
448700 -6.79925
448800 -6.79478
448900 -6.78838
449000 -6.79568
449100 -6.79446
449200 -6.82052
449300 -6.80758
449400 -6.78912
449500 -6.80234
449600 -6.81831
449700 -6.79673
449800 -6.80018
449900 -6.81715
450000 -6.79078
450100 -6.79746
450200 -6.79477
450300 -6.80518
450400 -6.80139
450500 -6.78816
450600 -6.78741
450700 -6.78515
450800 -6.80515
450900 -6.80252
451000 -6.80543
451100 -6.78734
451200 -6.79262
451300 -6.79034
451400 -6.80394
451500 -6.7975
451600 -6.80007
451700 -6.7857
451800 -6.78696
451900 -6.80732
452000 -6.79707
452100 -6.81099
452200 -6.80279
452300 -6.78913
452400 -6.79736
452500 -6.81772
452600 -6.80102
452700 -6.80276
452800 -6.79534
452900 -6.78133
453000 -6.78486
453100 -6.80613
453200 -6.79681
453300 -6.8034
453400 -6.8158
453500 -6.81216
453600 -6.79828
453700 -6.79723
453800 -6.79691
453900 -6.81022
454000 -6.80986
454100 -6.79747
454200 -6.80548
454300 -6.79871
454400 -6.79534
454500 -6.81834
454600 -6.81908
454700 -6.80288
454800 -6.79291
454900 -6.79351
455000 -6.79033
455100 -6.80034
455200 -6.80829
455300 -6.81444
455400 -6.80441
455500 -6.80026
455600 -6.79249
455700 -6.79316
455800 -6.79817
455900 -6.82032
456000 -6.82067
456100 -6.80765
456200 -6.80411
456300 -6.79823
456400 -6.7988
456500 -6.80361
456600 -6.79493
456700 -6.78145
456800 -6.79588
456900 -6.80522
457000 -6.79925
457100 -6.79905
457200 -6.80946
457300 -6.79742
457400 -6.79958
457500 -6.8065
457600 -6.81478
457700 -6.79963
457800 -6.80414
457900 -6.80405
458000 -6.80393
458100 -6.79598
458200 -6.80461
458300 -6.78963
458400 -6.80356
458500 -6.80321
458600 -6.81623
458700 -6.799
458800 -6.80584
458900 -6.79325
459000 -6.79216
459100 -6.79587
459200 -6.79814
459300 -6.79492
459400 -6.81529
459500 -6.80738
459600 -6.80778
459700 -6.7919
459800 -6.78741
459900 -6.78995
460000 -6.7813
460100 -6.79814
460200 -6.78166
460300 -6.78502
460400 -6.79312
460500 -6.79409
460600 -6.79646
460700 -6.81721
460800 -6.8107
460900 -6.80323
461000 -6.78764
461100 -6.79392
461200 -6.79961
461300 -6.80441
461400 -6.80028
461500 -6.79184
461600 -6.78584
461700 -6.79483
461800 -6.80916
461900 -6.81493
462000 -6.80216
462100 -6.78385
462200 -6.80229
462300 -6.80915
462400 -6.81076
462500 -6.80789
462600 -6.791
462700 -6.8103
462800 -6.78654
462900 -6.80658
463000 -6.80937
463100 -6.81059
463200 -6.80741
463300 -6.80234
463400 -6.80104
463500 -6.79201
463600 -6.80001
463700 -6.81816
463800 -6.80197
463900 -6.79496
464000 -6.78805
464100 -6.79722
464200 -6.81023
464300 -6.81033
464400 -6.8118
464500 -6.81529
464600 -6.79683
464700 -6.80336
464800 -6.80307
464900 -6.8123
465000 -6.79514
465100 -6.81522
465200 -6.79712
465300 -6.80421
465400 -6.79946
465500 -6.79657
465600 -6.81938
465700 -6.81687
465800 -6.80906
465900 -6.79738
466000 -6.79912
466100 -6.80237
466200 -6.81256
466300 -6.81018
466400 -6.81148
466500 -6.78396
466600 -6.79734
466700 -6.80664
466800 -6.81264
466900 -6.79486
467000 -6.7925
467100 -6.79794
467200 -6.7952
467300 -6.80722
467400 -6.81027
467500 -6.80556
467600 -6.81035
467700 -6.79092
467800 -6.80433
467900 -6.80614
468000 -6.81114
468100 -6.8179
468200 -6.79199
468300 -6.80134
468400 -6.79769
468500 -6.79109
468600 -6.80859
468700 -6.81352
468800 -6.80043
468900 -6.79715
469000 -6.7931
469100 -6.80632
469200 -6.81334
469300 -6.80002
469400 -6.78847
469500 -6.7939
469600 -6.8089
469700 -6.81116
469800 -6.80173
469900 -6.79743
470000 -6.79354
470100 -6.79776
470200 -6.78866
470300 -6.79349
470400 -6.79348
470500 -6.80654
470600 -6.80626
470700 -6.80868
470800 -6.81061
470900 -6.79848
471000 -6.78358
471100 -6.79124
471200 -6.80296
471300 -6.79965
471400 -6.79775
471500 -6.78881
471600 -6.80027
471700 -6.79827
471800 -6.80359
471900 -6.81994
472000 -6.82269
472100 -6.81181
472200 -6.80687
472300 -6.79286
472400 -6.80831
472500 -6.81638
472600 -6.81196
472700 -6.80633
472800 -6.78371
472900 -6.79497
473000 -6.8024
473100 -6.78861
473200 -6.8021
473300 -6.7969
473400 -6.8004
473500 -6.78421
473600 -6.78618
473700 -6.78608
473800 -6.80287
473900 -6.80661
474000 -6.79662
474100 -6.78915
474200 -6.7899
474300 -6.78712
474400 -6.78702
474500 -6.81067
474600 -6.78607
474700 -6.79662
474800 -6.79007
474900 -6.80639
475000 -6.81313
475100 -6.80424
475200 -6.8035
475300 -6.79167
475400 -6.80852
475500 -6.81244
475600 -6.81481
475700 -6.80951
475800 -6.79103
475900 -6.78726
476000 -6.78538
476100 -6.80971
476200 -6.81839
476300 -6.82908
476400 -6.79889
476500 -6.7862
476600 -6.79003
476700 -6.81048
476800 -6.80764
476900 -6.80936
477000 -6.80032
477100 -6.78845
477200 -6.79752
477300 -6.81465
477400 -6.8078
477500 -6.78567
477600 -6.78636
477700 -6.80503
477800 -6.80089
477900 -6.80838
478000 -6.81705
478100 -6.79039
478200 -6.80495
478300 -6.80376
478400 -6.7935
478500 -6.79696
478600 -6.80807
478700 -6.78846
478800 -6.79521
478900 -6.79212
479000 -6.81435
479100 -6.81131
479200 -6.80085
479300 -6.80646
479400 -6.78155
479500 -6.78258
479600 -6.79908
479700 -6.81311
479800 -6.8037
479900 -6.79722
480000 -6.78179
480100 -6.80686
480200 -6.79865
480300 -6.81943
480400 -6.82837
480500 -6.80435
480600 -6.80883
480700 -6.80997
480800 -6.78742
480900 -6.80919
481000 -6.81061
481100 -6.8111
481200 -6.79542
481300 -6.8081
481400 -6.80384
481500 -6.80543
481600 -6.79896
481700 -6.79708
481800 -6.78394
481900 -6.77783
482000 -6.81075
482100 -6.80267
482200 -6.80319
482300 -6.79082
482400 -6.80525
482500 -6.79407
482600 -6.81097
482700 -6.82668
482800 -6.80904
482900 -6.80251
483000 -6.80174
483100 -6.78958
483200 -6.80935
483300 -6.82516
483400 -6.81021
483500 -6.79641
483600 -6.78904
483700 -6.7899
483800 -6.78575
483900 -6.8037
484000 -6.79262
484100 -6.8093
484200 -6.79175
484300 -6.79533
484400 -6.816
484500 -6.8128
484600 -6.81768
484700 -6.816
484800 -6.81184
484900 -6.79706
485000 -6.7934
485100 -6.80363
485200 -6.80304
485300 -6.80086
485400 -6.7928
485500 -6.78703
485600 -6.82182
485700 -6.81067
485800 -6.78934
485900 -6.80448
486000 -6.80279
486100 -6.81442
486200 -6.8088
486300 -6.81363
486400 -6.79862
486500 -6.80674
486600 -6.79245
486700 -6.80501
486800 -6.80986
486900 -6.82195
487000 -6.79836
487100 -6.80148
487200 -6.79782
487300 -6.8011
487400 -6.81358
487500 -6.81839
487600 -6.80537
487700 -6.79579
487800 -6.79353
487900 -6.80282
488000 -6.80207
488100 -6.80564
488200 -6.82142
488300 -6.81585
488400 -6.79651
488500 -6.8072
488600 -6.79795
488700 -6.79801
488800 -6.81464
488900 -6.812
489000 -6.79957
489100 -6.79438
489200 -6.80456
489300 -6.81468
489400 -6.8095
489500 -6.81353
489600 -6.80713
489700 -6.80442
489800 -6.7971
489900 -6.80174
490000 -6.81024
490100 -6.80924
490200 -6.80671
490300 -6.79209
490400 -6.78359
490500 -6.81007
490600 -6.81201
490700 -6.8059
490800 -6.80666
490900 -6.78575
491000 -6.80153
491100 -6.80592
491200 -6.79835
491300 -6.79484
491400 -6.80843
491500 -6.7965
491600 -6.7904
491700 -6.79916
491800 -6.80175
491900 -6.8018
492000 -6.80104
492100 -6.80356
492200 -6.78583
492300 -6.78724
492400 -6.80725
492500 -6.80173
492600 -6.79794
492700 -6.80159
492800 -6.79663
492900 -6.79619
493000 -6.79394
493100 -6.80201
493200 -6.79451
493300 -6.79292
493400 -6.78483
493500 -6.79383
493600 -6.7964
493700 -6.80793
493800 -6.80537
493900 -6.80027
494000 -6.80261
494100 -6.80269
494200 -6.79147
494300 -6.79021
494400 -6.80979
494500 -6.80717
494600 -6.80592
494700 -6.79501
494800 -6.81058
494900 -6.79968
495000 -6.81666
495100 -6.793
495200 -6.78407
495300 -6.79387
495400 -6.81308
495500 -6.80901
495600 -6.80567
495700 -6.79648
495800 -6.78638
495900 -6.80026
496000 -6.80339
496100 -6.81757
496200 -6.79515
496300 -6.80064
496400 -6.79349
496500 -6.81293
496600 -6.80562
496700 -6.80052
496800 -6.80171
496900 -6.79894
497000 -6.78747
497100 -6.77164
497200 -6.80382
497300 -6.80678
497400 -6.7979
497500 -6.80631
497600 -6.7876
497700 -6.80253
497800 -6.81699
497900 -6.80181
498000 -6.79533
498100 -6.80101
498200 -6.80296
498300 -6.80354
498400 -6.80442
498500 -6.80762
498600 -6.80501
498700 -6.79898
498800 -6.80417
498900 -6.81021
499000 -6.79563
499100 -6.80015
499200 -6.78772
499300 -6.80027
499400 -6.79767
499500 -6.79544
499600 -6.80806
499700 -6.81596
499800 -6.81208
499900 -6.80767
500000 -6.79362
